ptid,0,1,2,3,4,5,6,7,8
2,5.822223340769904e-08,0.020735648350828438,0.23087814898304798,0.6340287521773076,0.10968823169445059,0.0018429600359593688,0.00044493282793514014,0.00238126750732587,2.0091201602068955e-10
3,0.0006726469521356949,0.2290718177328537,0.5460424392941082,0.20765218843688094,0.014465186357963771,0.0020837125018071476,9.477043768625976e-06,2.5316785035582497e-06,1.978347471975209e-12
5,0.00013778636425598698,0.749911065229357,0.08738542848234818,0.15165208226881016,0.010862957717205982,4.7561066496913974e-05,3.2349490272794414e-11,3.118839176770924e-06,2.4287891449588987e-18
6,4.403754708250543e-24,9.160693798480242e-13,8.670139868780698e-10,3.8455887772736704e-07,0.00016623158041133802,3.330236716066797e-06,0.0006506698538290136,0.995801653947075,0.0033777289551598665
11,6.18314436827655e-25,1.089639906046858e-13,7.27109165602506e-10,2.5399992287272754e-07,5.8124305034986034e-05,0.0008163015949830848,0.031793568516160234,0.5061099846869075,0.4612217661697716
16,1.0975370290597516e-09,0.0013090492936771619,0.04125032934404667,0.5196329940243121,0.19322170760601778,0.003401939168963442,0.007690694634152053,0.23349166453397746,1.6202973157336509e-06
18,1.6475202299675319e-07,0.0020524663574629635,0.17852686801236908,0.053383676557393206,0.16573549257652861,0.14385553272229895,0.22891831220526615,0.226887413100406,0.0006400737162522624
19,0.044947656585757445,0.9467624176770251,0.002041887202438403,0.006137969930124626,0.00011006284201888008,5.498765636365751e-09,3.423191992023773e-13,2.6352712130305835e-10,9.400010908988713e-20
27,1.354557821911065e-15,9.650059724562638e-07,0.001682278219835161,0.005358355795002744,0.14381884151573734,0.07819000788660004,0.3179369405189678,0.4513948533998785,0.0016177576580039623
32,6.436709597029547e-15,2.078108110014016e-07,1.3868060434294894e-05,2.7810425627559273e-05,0.020852860757349222,0.09805697581987376,0.14704094536576343,0.618564682075957,0.11544264968417745
39,7.752803269873477e-24,1.7480088094767492e-09,4.2745683900675964e-05,8.407916493931578e-06,0.03797009127600397,0.12745495166429938,0.8242080186496412,0.006861945621512403,0.0034538374401412537
49,7.93722780134321e-06,0.023981995779257557,0.19761593066194189,0.632852064706344,0.13184006702465473,0.0033767365593868055,0.0011989906253894137,0.009126261821163878,1.5594061613130454e-08
52,0.0860921062894313,0.13104532062018193,0.2234138225822372,0.18604357470996039,0.07053220111333833,0.10213797289140032,0.047509890061699596,0.1061746869464573,0.047050424785293844
60,1.7424174488318867e-22,2.192647386452318e-09,7.412116096784036e-07,2.291899074619637e-05,0.010890310692539122,0.1671467439417582,0.12454680238172919,0.41227764135450995,0.28511483923446185
63,6.730376185849477e-06,0.034035507775191556,0.4798083487123006,0.2935624897485203,0.09339365433491331,0.006325270325762469,0.003119167538996523,0.08974428199684127,4.549191288463533e-06
66,0.0006496549531748836,0.17742495156810362,0.37441717368463273,0.4186144939578091,0.02871170457720833,4.212626883086798e-05,0.00010427633989015107,3.56186457319602e-05,4.618058633329665e-12
77,6.629306369702677e-39,2.6475778926067826e-23,2.4389610431175164e-16,5.136402216359667e-15,3.9839804195688857e-10,2.8093690799815314e-08,0.0001978486990286771,0.0002488982139865148,0.9995532245948896
99,0.03399608946887102,0.6223340510755475,0.06003199295704282,0.2819019854717101,0.0017293635488792312,1.0541935522880106e-06,1.159370696415814e-07,5.347347322142686e-06,4.9796887430872644e-15
100,0.060314359251424095,0.8395115953627477,0.02187939470212457,0.07562817504033022,0.0026565487327563377,8.136632036173694e-06,2.802881711264435e-08,1.7622497461443696e-06,1.766672357074033e-14
106,0.00017471984325198708,0.13979854342780115,0.09136880367371329,0.22677274944292602,0.5124491076345408,0.026917175022749887,0.0021789451636219518,0.00033993355381833196,2.2237576469848095e-08
109,2.297016650451833e-19,3.328808006926974e-07,0.003227109011709611,0.0021788662113900793,0.07052428049789376,0.15739302230605282,0.584729324822243,0.17896203875804959,0.002985025511860029
110,1.5368564209127826e-44,4.432333091460554e-24,1.0659504179127744e-16,4.563495360934822e-16,1.184993237960287e-09,1.6972408482139652e-06,0.0013391246175467133,8.838043246551902e-06,0.9986503389133652
113,8.664253237926815e-22,2.781504069226437e-11,5.475673441636641e-08,8.394112194022986e-07,0.001409239661486894,0.005699686732386385,0.20958525594068564,0.2460356409065795,0.5372692825630933
137,0.9975998456977395,0.0023220097279394204,1.755566590331724e-06,7.63837990187274e-05,5.175560358807043e-09,1.5740773471246775e-14,1.4828738088545378e-15,3.313430673463631e-11,4.001624036584908e-25
139,5.332669984032301e-07,0.028765479242871678,0.17984355990060394,0.6620613519777896,0.12522209523951905,0.0020990266690063117,0.000648283627778043,0.0013596693998807758,6.755527776118009e-10
154,1.2922988033862188e-06,0.13114186980867254,0.05222347267614412,0.5519612062829656,0.26363350319921974,0.00010209598829609738,3.216779358150407e-05,0.0009043919382823726,1.4034799303563989e-11
161,9.485549975022919e-12,0.00014012893418333884,0.044306057893026704,0.006275113678098971,0.36698095310807965,0.16243975120447282,0.1776280701468302,0.24217255975977658,5.7365266046573434e-05
165,0.050918940185108244,0.8487593066679543,0.06985784428949413,0.029858650375201932,0.0005843358008308495,2.0842151561338754e-05,6.628218073399962e-08,1.4247667533998277e-08,8.567092226446978e-16
166,2.4583973494312955e-07,0.11517749031344836,0.04140207655916813,0.5009728835207912,0.31055365505577914,0.02829081777400749,0.0001717814592352289,0.0034310467010834254,2.776752896548781e-09
171,0.0003368537754305746,0.2808120453535332,0.4718687197481214,0.23649298641473637,0.010155294228498693,0.00033220984666385386,1.644411977589096e-06,2.4622102119636684e-07,1.730211049808299e-14
175,0.03812759668967194,0.6520401850959126,0.2756313860321552,0.03280788772702887,0.0013917268271132458,1.042265599569113e-06,1.685760114384223e-07,6.786505474423815e-09,1.1766235988432042e-16
178,2.4824315518589436e-08,0.01481692429675149,0.3875830474096943,0.4220645654799635,0.15893933816408107,0.0113307259051136,0.0015865040440744224,0.003678867041727262,2.83427847259199e-09
191,1.8685286554445191e-06,0.08722375272375382,0.5452497202066898,0.33829104490672485,0.028359639922331408,0.0008381967599182434,1.9586008269338578e-05,1.6190942881245915e-05,7.762655469792061e-13
196,2.1472005743849282e-10,0.0052012830508481695,0.5626427232859196,0.1823612521777184,0.14765536164544152,0.07069706140055,0.005854442399290417,0.025586115419106676,1.7604064053019371e-06
208,1.6059182789267442e-26,1.493291614746886e-13,4.548558368932908e-07,3.2305274477595028e-09,3.3400582582136685e-05,0.33407376617839313,0.06509878303873666,1.8362582362087818e-05,0.6007752295314156
219,6.33320621437172e-19,1.0402268522127299e-08,0.00017675298119247093,0.0001261479778301152,0.02164804049070579,0.20719562341621797,0.6050585363904356,0.11491320918788915,0.05088167915345479
230,0.33261264477186286,0.6645269713581248,0.0015034858727844221,0.0013550402907115508,1.8548123978439476e-06,2.8936877084459833e-09,2.516811834293646e-17,4.3116171095984587e-13,1.672182056703453e-27
232,0.0020874117546760525,0.7240650984308726,0.13833966252444102,0.13096799193227612,0.004512377421279569,2.6359015820862984e-05,3.9316701643906905e-07,7.05753615031355e-07,1.7294123801336145e-15
245,2.6352054957118993e-20,1.2427022220500534e-09,1.6390362282373487e-05,3.6013723293998035e-05,0.004749868850223924,0.023805082327571933,0.3701439652126122,0.5576194729123709,0.04362920536894164
246,5.110278684078885e-20,1.9672550585552406e-08,0.0011223193753807637,7.523958984469922e-05,0.024340722058944917,0.23198331163814076,0.6766226735228316,0.06214452765216223,0.0037111864901448063
255,6.582515004636057e-26,7.41787290898157e-12,8.393976431207207e-08,1.243207761735935e-07,0.0003804974564463523,0.23217885988668355,0.4207889094892607,0.0022976572329983444,0.34435386766665366
256,0.0006142922870025748,0.2578890504125574,0.27410189368097426,0.46093499969718904,0.0064113386732056405,3.83781700478627e-05,9.493350989355886e-07,9.097743501768571e-06,4.2299082097091953e-13
262,1.0466291076773687e-06,0.02426983403396853,0.19121713424025577,0.6815311537609741,0.09988806537683165,0.001361867264494215,0.0004426036792890152,0.001288294509027804,5.060506334462447e-10
263,0.0003195890970969906,0.8082314735168495,0.08992044278175787,0.08536752861348895,0.016130800556203705,1.723461449745913e-06,9.332228495876393e-08,2.8348650708829823e-05,1.585988455750678e-13
275,5.122497251857006e-06,0.0791752730193644,0.6625777729128197,0.2363110170658956,0.021332514891034583,0.0005696103079978948,1.4567666266612783e-05,1.4121626687360257e-05,1.268121689928296e-11
279,9.67615363012431e-13,2.6988462377043486e-05,0.07444817366760358,0.0024951367287110835,0.10166865323284495,0.7478023877773284,0.07301821307018518,0.0005200147894743497,2.04322705079364e-05
280,2.485427706915138e-25,1.8773718400499418e-13,6.568081041488085e-07,2.796453696583938e-07,0.0003220823786671765,0.03410963427676806,0.5718260013746039,0.025507625673957188,0.36823371984234327
286,0.018778107309126147,0.9218233472521671,0.029554396027263365,0.029642019115531028,0.00020191611162989203,2.0941653810147825e-07,1.8186457360236677e-09,2.9490987931322107e-09,2.168564265341239e-19
287,3.458796306617657e-21,1.1550339944838235e-11,1.0445922273907567e-08,1.2211229365152692e-07,0.0004988434854841907,0.004426697992135371,0.2807166787730062,0.05368463837325231,0.6606730088063553
292,1.1269074373386155e-06,0.05539180451852564,0.7339055207027071,0.1575742153469828,0.038016887473554604,0.014894793201545686,0.00020883542949126448,6.816348308907986e-06,7.144734040243774e-11
294,1.5711790493920417e-19,1.1627662582203591e-06,0.002815173737337752,0.0003148791704696647,0.14460285677606236,0.4481607833842359,0.4020438069896545,0.0020013899286819613,5.994724729897674e-05
295,0.0734074213547078,0.13868812973382633,0.2338803359311019,0.20406086002566468,0.08707656385098474,0.059090292861425295,0.057455859706440564,0.10559152607052756,0.04074901046532115
302,0.0395519922906535,0.9401656607174348,0.01070040327010277,0.00952649547362863,5.5395955345038044e-05,5.2160380009283693e-08,9.59251976001225e-12,1.228624585049366e-10,3.9249594241391735e-20
309,1.8839873694811152e-07,0.004974868485793255,0.5825603689330371,0.003213207206042701,0.023957513311894506,0.38329232989216316,0.002000923962158494,5.922524133150978e-07,7.557762121128685e-09
310,0.02828286965714297,0.7117057569318124,0.11278848891294922,0.14573768672105955,0.001481884583225099,2.155094797308595e-06,9.418709336235094e-08,1.063911917978921e-06,2.6594885486142558e-15
318,3.223943546550846e-21,2.6263451155712356e-08,0.001471756829393038,0.00013565838070321102,0.011959778672882745,0.5940219213945727,0.3841930403018975,0.005802773752784433,0.0024150444043148102
337,4.878026030948231e-22,1.0309262647372329e-11,7.525908918392543e-07,2.5811827495326354e-06,0.0017531592358341166,0.002988182318369701,0.24523019387861114,0.5469251792331881,0.20309995155004731
346,0.004882816855196551,0.29621096210046755,0.47601078902707394,0.19950802977473542,0.022823829186670908,5.6511587871140624e-05,0.00015222003488929087,0.00035484129350944787,1.3958550938753178e-10
364,5.146829462836805e-09,0.0008799596847423471,0.054914010904247676,0.12726551179079257,0.27892873009501734,0.11411388543636179,0.11338477763672604,0.31042419287402845,8.892643125390853e-05
370,0.0005757179483371107,0.9131298081769149,0.027034345577817906,0.04560638083082919,0.013643373977038206,1.0279596176730651e-05,2.3873418865225388e-08,7.001946622578644e-08,6.218952677974114e-16
373,8.885949466326107e-05,0.20840508765270307,0.14304554422232374,0.6365869722251656,0.011735583127453856,1.1690487937266727e-05,1.7830449963052149e-06,0.00012447974470935935,4.751633666466315e-14
374,2.9814580396302692e-21,2.4226027025283685e-13,1.3771333025998063e-08,1.0813511285020546e-09,8.500241881551649e-07,0.011895353941482558,0.003276404961094794,0.00022234137852724251,0.9846050348417796
376,5.034770642571156e-09,0.0007560193325893353,0.0017264449015767618,0.218197748279479,0.5823773905972041,0.00021710366534743729,0.045657567297144895,0.1510675177179556,2.031739297087165e-07
382,1.2077344819402464e-18,1.9197192242694914e-09,1.7530178388338334e-08,8.228314444020348e-06,0.00036114526172401393,6.6311162678025414e-06,0.00013945525872358214,0.9994583265544444,2.6194044497875925e-05
384,1.0752161314011195e-12,2.4044440638025585e-05,0.009050085186079781,0.002404329665012121,0.018332668616847573,0.8769716557257147,0.038348979010844164,0.05195052022165327,0.0029177171321345093
390,0.277837172261261,0.6681095779985482,0.008829849213712585,0.04520786852856667,1.5529347184757685e-05,1.2498914346278037e-09,3.3409599204258547e-12,1.3974942277467316e-09,5.5281093734907e-21
398,4.5974099290987285e-14,8.093669159164225e-07,0.00046768821106420963,0.004475063939401608,0.06348320414005026,0.7394747836329006,0.06306157059292694,0.12241816626521167,0.006618713851483086
404,5.569966291500774e-27,1.590430247513132e-12,6.882821549495776e-07,5.5128598134077243e-08,0.0001465027004565431,0.010074821442240844,0.21763649390626466,0.06941816671942687,0.7027232718192667
405,1.6797727914428085e-32,7.78653928075947e-17,4.240015865693645e-12,2.628323481283144e-10,2.604886508795353e-07,5.250478599807534e-06,0.010347923861708986,0.08044740114395711,0.9091991637600121
407,1.6052896615546738e-17,1.2606922417414905e-05,0.0056408334816553714,0.0023537824985948625,0.30767337561074737,0.16397518164022742,0.47239660534149625,0.04783992644819706,0.00010768805666429796
413,1.8858634632565877e-17,4.609029981219573e-08,0.004425913189185435,0.0021246390433429254,0.0974026341897486,0.19474320176056947,0.6129859774200013,0.08784176717213923,0.0004758211347131362
417,1.3358158849879468e-05,0.0361141423395073,0.42609014496731384,0.22927204200121806,0.21087912229790826,0.02693070911854357,0.008239290031208633,0.06245843237328219,2.75871216826906e-06
422,2.969757985303223e-19,7.417078283290326e-09,0.00026817137876853405,4.3616369372866234e-05,0.016361203358382346,0.50107173852035,0.4484257767633431,0.015885302319055793,0.01794418387364913
438,0.01339454042669807,0.9655515765227397,0.015894018078730365,0.0051181110085977526,4.159383632009537e-05,1.6004136073579212e-07,7.781226309929168e-11,7.741410744903227e-12,3.94753949056228e-21
440,6.491590610183569e-05,0.8896846087175532,0.021119195164427704,0.08164960207183773,0.007394358081083002,8.684651821940638e-05,1.6799261372117758e-08,4.567415077241006e-07,8.413468866900385e-15
444,0.0012688539811635828,0.29851164289457954,0.2300196896112155,0.45849772879457784,0.01161996974345526,6.875316234723103e-05,2.17871885573296e-06,1.118309370709707e-05,9.822738689010154e-14
447,4.938924964398678e-05,0.11146599627528982,0.4287520503096434,0.44079913853951336,0.017941899276390953,0.0009550418278906145,1.4038827445793004e-05,2.2445676062703185e-05,1.811989781040932e-11
454,1.5390684782121862e-12,9.603581437958614e-05,0.06825898158061267,0.024186746779101837,0.20735397154326604,0.5681988569836409,0.12628833189165561,0.00558992214693926,2.715325886536141e-05
455,0.06357503061344173,0.1314363526157978,0.2516065099669754,0.19103807958057012,0.06682221804826469,0.08579706486362572,0.06160699310442052,0.1135045980819365,0.03461315312496768
458,6.687727095696756e-05,0.07526028920271344,0.7572792001686989,0.1175147714084669,0.04057422420646759,0.00845378154616662,0.0008399572650925173,1.0898576068202199e-05,3.553688774910584e-10
465,6.690596858227292e-05,0.20898843719161875,0.04743565052222604,0.5966797525626861,0.08749296237674418,0.001195486464458167,0.00021020770063909266,0.05793058409029432,1.3122751036379992e-08
468,1.8080481458008164e-27,3.4593368296495865e-15,1.6503084709958753e-09,4.0628566376531195e-09,1.136872648501178e-05,0.0019087394077494221,0.05690860232647643,0.0031151195053154934,0.9380561643208062
472,2.411521297959598e-11,0.0003795740619515502,0.10384354054539362,0.10547145805842563,0.4737008991161579,0.10793597172283957,0.04360786082698242,0.16503791958141203,2.277606272038396e-05
476,1.674610378827336e-11,1.106921143309701e-06,6.652804268575381e-05,0.014764399404723964,0.004344400204941915,1.0458121804501409e-05,0.0043101319025387495,0.976498561701903,4.413683511569172e-06
479,0.003232805614095566,0.2770040372789521,0.3447730146695411,0.355983713042895,0.01802321090305591,0.0007665931804129864,3.910910351425154e-05,0.0001775159922124333,2.1532081852551685e-10
481,8.232754776115519e-18,9.020635555817347e-09,1.7423737507049987e-05,0.00012463514585009015,0.09064577345423853,0.009924670082701582,0.3569564689482936,0.5366428598405886,0.005688159770184399
486,1.088673261108785e-22,3.1319615746442405e-09,0.0005725282303967411,1.7077683110794933e-05,0.008411958510575053,0.7097951264956986,0.277995682392643,0.0013035681866582628,0.0019040553689545475
487,2.035888862614654e-14,3.0531897209759156e-06,0.00010213872806319226,0.006323939629891507,0.25585731004105283,0.002250504467723366,0.06334791652147226,0.6720872749857254,2.786243633106962e-05
489,8.64646741690035e-18,8.804696223723459e-07,0.002172782770793678,2.9729756799012336e-05,0.006482657022709915,0.9830077133439082,0.008285893872714924,1.6695482387211097e-05,3.6472810636515985e-06
492,1.4049339198125607e-07,0.08603393083677818,0.7337278606114479,0.15493159638393303,0.02500016993790158,0.0002836760104692816,1.333798007270153e-05,9.287745388351832e-06,6.176483578225631e-13
502,0.001100952390782439,0.7691472843288921,0.20485361518445586,0.01664574429812759,0.008103960218274846,0.00014840472940810123,1.258827201428665e-08,2.626173759966855e-08,4.8982653266936386e-14
503,0.1639493752949734,0.8123724974184908,0.016043218775446805,0.00739574555535818,0.00023895676709228218,2.0541076475017915e-07,5.767223695968746e-10,2.0115076507282247e-10,6.419175178709146e-19
505,0.23787822940950318,0.5610278053629744,0.01832083743272254,0.18252683531723865,0.0002460301961744556,4.029931419842552e-08,1.3204237742967404e-09,2.2066164931001341e-07,1.5474306166167935e-18
514,1.2141708629611458e-09,0.00027188254135794755,0.025438661609461663,0.14064949323286835,0.16005851300117446,0.3850690315852312,0.1270676592344186,0.16060633090369383,0.0008384266776227465
516,4.452102046816453e-05,0.2405809532290936,0.09362086684250108,0.5162397684772708,0.14902688065144384,0.00040068425559848595,5.4086684626882004e-05,3.223883702156571e-05,1.9741164269748687e-12
519,1.367169649598779e-05,0.24154979611696942,0.17024005046327406,0.12560735971368206,0.3411546080424817,0.11109241753136671,0.0013849988370388889,0.008956699919311322,3.9767937979074297e-07
521,8.111823035951319e-13,0.0007834888218475056,0.03807820572914673,0.03348117316105793,0.10952000853576649,0.21930684575957066,0.028657343620246932,0.5683437480431107,0.0018291863284419123
532,4.003354416023743e-05,0.04048745963211522,0.1764847146043535,0.710454741359131,0.07014404322379426,6.670567739556768e-05,0.0007617198539218928,0.001560581796396767,3.087330332443243e-10
539,0.1270313444447845,0.8480341287933849,0.022590412993027133,0.0021803581612556996,0.00016298085335423416,7.733400496909465e-07,1.3132800850402276e-09,1.0086417849028848e-10,1.922699436533165e-17
541,7.558788046106886e-05,0.17008126284769626,0.10255628233585327,0.5491545836075475,0.17410466149981477,0.0035619170274133398,3.8099835414205644e-06,0.00046189166681392507,3.1508586115657688e-09
555,4.539955404086608e-05,0.3326344618566881,0.11667539904251266,0.4707432470923752,0.07948715150189106,0.00031269721524291075,3.713647348924874e-06,9.793008406134644e-05,5.839131792540595e-12
562,1.8873989337079235e-11,0.002992343667510117,0.7804518359751879,0.06383463977297495,0.11014187726156711,0.04026197372852425,0.0022787178488416727,3.861078399551817e-05,9.425251004922423e-10
563,0.004308823419025659,0.829522191494226,0.04845674178338754,0.11386468866589448,0.00383529340375057,5.263592606903523e-06,1.8483508122240202e-08,6.979157574237807e-06,2.6623847762213922e-14
564,2.1552801014711437e-11,7.779587983063713e-05,0.00048018993088044115,0.017816339470466035,0.6649140359854002,0.160504217217672,0.04227612370696439,0.1138023471341361,0.00012895065309505966
567,0.0013811746976343207,0.3753553180495207,0.47058303780672317,0.1475080489317536,0.00507175491923575,8.577403514730349e-05,1.3543152635973076e-06,1.3537244517132175e-05,2.0463808088607163e-13
570,3.1884701228019945e-18,3.7132644943573313e-06,0.026722985469093664,0.0028314901820831236,0.1078480256134119,0.5441032895023687,0.30469242725260354,0.013664072869847818,0.0001339958460957105
572,0.009753666365465773,0.9525577995158604,0.008860789031818953,0.028142742483907707,0.0006849751407203588,4.697814193760258e-09,6.160546876877053e-10,2.2148357262503612e-08,2.6146235287437714e-18
580,5.158269356954671e-05,0.14156287242789103,0.026341348958507767,0.7860246023285264,0.04446544692087831,0.0007463906434996829,2.0842223572409414e-05,0.0007869137710307358,3.2524981815314966e-11
601,1.5111556544073832e-21,1.6887211728135854e-08,0.001009074387571833,0.000145891596090472,0.02534218579679709,0.461254505070684,0.490176004428376,0.018977720851116178,0.003094600982151384
609,2.2270090095066638e-06,0.023752090289159825,0.5676726444452941,0.144759092307649,0.1877104309477123,0.06056517661097724,0.006470656669191745,0.009066946363486391,7.353575200198367e-07
614,6.157044402690914e-23,3.310945494943083e-13,3.8580473109659394e-10,5.3385173023248695e-08,0.0001295045161934639,6.412548953519293e-05,0.09127235038390545,0.5748380635559642,0.33369590228309426
628,0.00019217923432587539,0.08504629841342458,0.41395005150618197,0.3986590331417715,0.05419072623441721,0.047297366368724114,0.000651372151112851,1.2962315384297234e-05,1.0634657769400353e-08
631,0.008180440186798517,0.9691673607085952,0.008466925501139486,0.014104538055402006,8.072443538777504e-05,8.300167347512717e-09,8.88808095454262e-13,2.8116204077608583e-09,7.202229257404386e-20
662,7.108330350277268e-16,7.014413055917087e-07,0.0012053480636529455,1.990784670233013e-05,0.0025808246839683522,0.9952925806174636,0.0008965289547761699,2.548884327829401e-06,1.5595078076393116e-06
663,8.969865976570826e-17,2.7358137118417005e-05,0.010894663502053013,0.03586911916393003,0.38289731272591426,0.36331968263939224,0.03549655492343549,0.1714396412381729,5.5667669983511725e-05
667,0.053791998479218756,0.9319486581706921,0.008322207142985429,0.005906409915628534,3.0265110480896762e-05,4.610990743484598e-07,6.460798785983698e-11,1.7311799517222318e-11,4.4709416552247903e-20
670,9.531273801728884e-15,0.0003873770585413454,0.0509935099118318,0.02167352659487189,0.8610396348928363,0.03297650040655209,0.0254700836868713,0.007458961397645592,4.0605084062825364e-07
671,6.551825743140504e-09,0.004888289703927998,0.028129704274183553,0.10887988972049746,0.6658220967583078,0.14881084217595397,0.041662245157932494,0.0018060624224201958,8.632349509427059e-07
688,9.324834354975007e-26,1.681200357006651e-15,8.810677860259303e-10,1.333057017509348e-11,1.5433297242162715e-07,0.00024229398927765768,0.003496485235764794,0.0005646078193283815,0.995696457728255
690,1.732477615747737e-20,5.242342440011606e-10,4.333165837352878e-06,7.237929495217864e-05,0.007655076281088894,0.0031845783375323293,0.15434667396308524,0.8208473378893006,0.013889620543967529
702,1.7602051526728052e-06,0.019235176456336794,0.4575456740027158,0.2401303483099687,0.11973359903878579,0.015766173239110448,0.00750114671726423,0.14006760470178264,1.8517328882527415e-05
703,0.05024662925832882,0.4619451578086338,0.31938107462065796,0.16294780985323315,0.005238587375952921,0.00023799623997378165,1.2511332389088831e-06,1.493708790713748e-06,1.1899205402330215e-12
712,8.614711786677577e-08,0.0005576156948227341,0.013020759943876494,0.1437432048880493,0.151772959473994,0.3965020611632214,0.051474001829894686,0.24108264621847747,0.001846664640546095
714,0.0004579955483348491,0.7425967954845002,0.14229666932987062,0.10756301528265864,0.007015196036472091,6.983188737966201e-05,5.431866335888255e-08,4.4211209871452017e-07,2.20904529162851e-14
716,2.726547182359241e-07,0.01970229855259998,0.5776411178937512,0.22678104570185048,0.11249605138155849,0.06216445531748121,0.0011545084262162676,6.024866804937155e-05,1.4037748143590492e-09
718,2.7737256352123813e-15,6.687994897173416e-07,0.0008800655732183157,0.00040838843217358645,0.19896993350477804,0.19303160640803538,0.5576882924888836,0.04698308419865598,0.0020379605947611844
728,3.6543386214697375e-05,0.1888619631200101,0.30509778750818134,0.48530531907195357,0.020373587710111517,0.00030859613794860025,1.2723451743418458e-05,3.4796135650579668e-06,2.716916568055426e-13
732,1.832549327935421e-17,5.685342536183304e-07,0.0009181422047862433,0.0015784082926768065,0.017633663905322172,0.0031539353173950574,0.03261067816731257,0.9436608157297042,0.00044378784854991193
734,2.0143724949760458e-29,1.9255783896919641e-13,4.020122481785806e-09,1.7716514174496894e-07,0.0003434817229580374,0.00020203711375859403,0.3195362213319519,0.5532650894342099,0.12665298921166412
741,0.0347814177255698,0.7126890219676203,0.24271307679523377,0.009688239372862315,0.00012249571303458043,5.7472468313102495e-06,1.168942740728336e-09,9.905032503233064e-12,1.6392970790558196e-19
754,1.088351606748557e-20,7.299369205499794e-11,6.561874357608578e-08,1.4247623659338965e-06,0.00021944354150537927,0.0004804296065214444,0.006303622612793548,0.8983198510790446,0.09467516270602924
764,1.972854582922872e-06,0.054671972966745246,0.48001922980366923,0.3847214586998228,0.07486114157207968,0.0050944158269739526,0.0004351225464521481,0.0001946852966869969,4.329864841470092e-10
765,9.837360796866405e-15,0.00019043978455120337,0.06956375249999656,0.24112906524709946,0.37980656454454353,0.016413554707088135,0.055718582709403504,0.23717203762090108,6.002886406344719e-06
766,0.07417122686749537,0.8857298838196636,0.031570339996585026,0.008307254367632208,0.0002198983988984486,1.3955961127289105e-06,9.41625043956134e-10,1.1988045935357906e-11,3.7026646436914943e-19
769,2.2566098978802793e-06,0.04473926903990021,0.4621862560474368,0.39217344189461417,0.09404180266997385,0.006502900894743355,0.0002544484650342892,9.962426012331557e-05,1.182763106338963e-10
770,1.1035106179747195e-24,4.8076231132749925e-11,4.182656633294081e-05,2.738111295673396e-07,0.0008816315939728679,0.5351306651261033,0.35526013336869855,0.0013505784528201389,0.10733489103286548
771,4.55633242651508e-17,2.3236747625406467e-06,0.005529270918397451,0.0020923178533830316,0.021972527766730417,0.4429332350126947,0.4987657404476358,0.026624834193939274,0.0020797501324562612
778,2.61838690584816e-05,0.35915402033985283,0.4042309989342005,0.20580219965963353,0.030468454446817946,0.00030863086632073765,7.736402525664274e-06,1.7754815641501936e-06,2.6532330864401476e-14
787,2.1792484124103733e-07,0.013236119235679899,0.3982301272068632,0.32961877714699533,0.17145413828726727,0.08217420769397903,0.004085634542871322,0.0012007475535793096,3.040792264010719e-08
795,1.1394386471798057e-23,2.2030707401170233e-11,3.458247342538703e-07,5.468732921332904e-07,0.0035813068506434244,0.034669598223476074,0.6839161103886126,0.021613138642952688,0.2562189531742585
809,4.979919506453187e-10,0.00041566872937200193,0.48794229702973696,0.2397056587986637,0.2396610311899292,0.014358272960406118,0.008140485628733506,0.009776566788842894,1.8376323718606453e-08
815,2.563982769306387e-08,0.0038504281078050144,0.020510147464403647,0.05698094012282086,0.7598747115425405,0.0409708670301511,0.11238601896911914,0.005425996300083272,8.648232478015413e-07
818,2.361791097118137e-09,0.0006578212737030114,0.9355990815377367,0.02803112807097042,0.020306537824125864,0.015170679987551783,0.00023170608400473015,3.042831542273185e-06,2.8574544524180506e-11
819,1.348247074240167e-21,5.537095332309212e-09,0.00011466889824844071,0.00020417827949001152,0.017526251776764926,0.01873689681371713,0.27772061775791584,0.67397719227232,0.011720188664448425
825,3.223317343276726e-11,0.00019647285195023426,0.09389465241431033,0.04239439578689882,0.20496943766176756,0.3168581553245025,0.14190506970979813,0.19912200078311862,0.0006598154354208051
828,0.006238422925947378,0.5544881511362705,0.3787942934338593,0.058978855516118006,0.001459560391064995,4.066302632175199e-05,4.888411273833141e-08,4.686305408186221e-09,9.343789290734197e-17
847,0.0001528690210577442,0.7468481631327019,0.11369989033727636,0.13051182093746785,0.008717095202097899,6.931722586201967e-05,5.259911105849466e-07,3.1815242054384996e-07,4.315647959067344e-15
859,0.0006942029563089995,0.3129649039035852,0.5274900513912739,0.15218603030700004,0.006500520597259262,0.0001525993228256842,6.760148875056963e-07,1.1015506017810046e-05,8.406936176374234e-13
860,0.1148331890492339,0.7598936058584896,0.01861438086942355,0.09895042611611675,0.007703433147829652,4.824437681470751e-06,4.1290536975061626e-08,9.923068608923342e-08,3.6379324476440245e-16
870,3.257850063748123e-34,3.596506340134458e-17,2.394425222140975e-10,3.933030239208757e-10,5.6555212032335425e-06,0.00031522895113343793,0.0696364844464477,0.00643814228150391,0.923604488166967
872,0.03431773990716753,0.6382480226849263,0.2955075723332321,0.030987086190065242,0.0009200389182503627,1.951285707870456e-05,2.450469480389864e-08,2.604584662075596e-09,3.1065313782405425e-16
875,7.041100842350132e-05,0.7177283740122484,0.0655410117657935,0.15695565929017755,0.05882395354210632,0.0007517558369802513,1.321226948395102e-05,0.0001156221837973869,9.098930127100355e-11
877,6.453772368628535e-15,1.700945314817317e-05,0.0027427278580689604,0.003001857358131893,0.49528416655315455,0.21068521353209996,0.26944942744742517,0.018786285622175637,3.331217578948136e-05
878,9.4411735195091e-10,0.0021312671682534715,0.2580248190614276,0.29495597422801495,0.321845820531065,0.07252755305170037,0.019910839357150125,0.030600654651186453,3.071007086194175e-06
879,1.4792896759819146e-10,0.00031864150468652146,0.0056818823705984765,0.036118666548182375,0.38793395383192997,0.19372204269914384,0.04314713404889827,0.3329593485104023,0.00011833033822916981
883,1.1796004329595124e-10,0.0008693068156619564,0.018238239707202047,0.07808017798319572,0.3844136578247795,0.27195881505128894,0.03366451175048616,0.2127373666565946,3.792409283148774e-05
887,6.95796414005867e-21,3.4047554833248213e-10,2.921409794057942e-06,5.6764558477979066e-05,0.005374042293159746,0.0019284467620829377,0.09437121187400896,0.8864647550452347,0.011801857716740454
895,1.688747335103991e-19,1.9504873525059026e-08,0.0010370349721726107,1.2281633371021713e-05,0.004868161893659482,0.3959162162541225,0.4036383773403246,0.025768056778460252,0.16875985162301593
900,1.7995223569791733e-18,7.359155194279289e-07,0.00971871393303967,0.00043004409228298716,0.015845280470126306,0.7388899080119825,0.23095910676729325,0.0037487929643481264,0.0004074178454073411
911,4.413299594511511e-09,0.0065079226596387995,0.050639942847315426,0.39262459451385645,0.4533009851678882,0.0317950490591886,0.0009159484181407319,0.06421498895622874,5.639644427824771e-07
917,0.00019255488123374998,0.3580715807062933,0.34500465371122074,0.29137676149265546,0.005321963523077056,2.9530062626438215e-05,5.786377553472779e-07,2.37698513477848e-06,3.6490939747663406e-15
919,1.324943028632636e-21,7.72353928164804e-12,1.7288190912232127e-08,1.1710884492988465e-05,0.00013758059747402937,1.0951405514999048e-05,0.007101477004630262,0.9920406508196088,0.0006976119923667755
923,3.285866037303425e-08,0.00044960334989981016,0.0071924489541921105,0.04552862262944781,0.049792764475613,0.011250668126112215,0.006626928345506162,0.8791274622278608,3.14690327073835e-05
924,9.898071729496988e-08,0.01223578094597489,0.30058895233569677,0.4166431124111054,0.23551795548603766,0.020721372252717217,0.006081445260975835,0.00821118622155108,9.610522345402282e-08
929,0.02616043906056133,0.34989103042244707,0.08567837481370251,0.5334383490341192,0.004820317115892642,1.66257084436763e-07,1.6902027558329289e-06,9.633093428940893e-06,8.180716772071438e-15
943,0.01576254826835736,0.4222616123560852,0.13627649810061393,0.42032355101311913,0.005371198875156336,2.1079181956658802e-07,1.838983587084755e-06,2.5416112576066327e-06,3.4659802997643e-15
944,8.945644936092611e-10,0.002800587159291971,0.10557499169062884,0.05261006884998165,0.40847638337359343,0.4186289315424905,0.005813807122608649,0.006092069453633564,3.1599132061930852e-06
945,1.883428436553963e-05,0.08966954762414579,0.0714078610459559,0.532586307625878,0.2363704234505674,0.0005469762746164044,1.8956398911344518e-05,0.0693809877674775,1.055280824400726e-07
947,3.817190974472301e-16,6.438813766088973e-08,1.6596314349162503e-05,0.0009412742098539826,0.033845367977816884,0.017995116905947777,0.035571789820320464,0.9101571819888422,0.0014726083947308667
951,0.9736489426611264,0.026344782655069388,6.003255008206012e-06,2.7128070865668554e-07,1.4808628472295824e-10,4.553559380286265e-16,3.894757783058185e-20,9.726510599713874e-19,2.0143558591259833e-31
952,3.4320094456898e-15,0.001027338346501525,0.03221862133749634,0.03231232164483731,0.817230604941119,0.09806859273119316,0.015156105060783466,0.003986032829041632,3.8310902437292987e-07
954,1.282919541726156e-05,0.10928974363795331,0.13450486298876352,0.0840025987481669,0.6351062831364238,0.023618582092656673,0.013049814330778828,0.0004152698538662267,1.601597399070396e-08
956,6.260095684627688e-12,6.961672743870243e-05,0.01355718888592552,0.15674342977443861,0.42968364765242373,0.03857408320096159,0.08608077117877037,0.275277815969031,1.344660474749034e-05
958,0.030638150783918235,0.7903488243001443,0.15866206752961798,0.020267353165500906,7.982828419658571e-05,3.7740606275661628e-06,1.8477726373075388e-09,2.8223623270614885e-11,5.185568706095567e-19
970,4.396308826568474e-31,2.8655901043004086e-16,7.410589814290238e-11,2.405716855288692e-09,0.00020840457432270585,0.0003364860743230355,0.12570522663349346,0.23243245272598556,0.6413174275120527
977,0.011283458113306,0.5751028383560556,0.1748725343735182,0.23531164115552564,0.003405637133347751,2.3640935630176194e-05,1.6215262360345742e-07,8.777998940017407e-08,2.9389518502329394e-15
989,1.398434218808004e-18,5.430177363570205e-09,1.9420609404863236e-05,4.646816455783701e-06,0.00388790870367133,0.8558773161546332,0.11040625255334711,0.003261919695987429,0.026542530036320025
1011,1.0094218488899712e-32,4.280627075798426e-18,8.790032165974595e-12,2.5730467066870017e-11,3.0130841804480346e-07,4.560852636540676e-05,0.007472420680586244,0.0017945126208877094,0.9906871568292227
1013,1.6756051394971325e-06,0.018398641840592946,0.5780159611472743,0.22361262757119915,0.14459827741238235,0.02703122456417747,0.008158711900370442,0.0001828690390366086,1.0919826847897947e-08
1015,0.10070407576852775,0.576916585867333,0.07432048097263756,0.2461477818660413,0.0018737831322589529,3.671347144824739e-06,4.064806354124197e-07,3.321456522733364e-05,1.9359377935416825e-13
1018,9.126900259056181e-05,0.2709161801170571,0.05232408533906711,0.6726755877580245,0.003939033709815339,1.8798611362232847e-05,3.9280027956952947e-07,3.4652661390876866e-05,4.1329659448675137e-13
1021,4.29116632176733e-21,2.720506347464498e-11,5.112548417710693e-07,3.47340052452443e-06,0.005457943769385605,0.016501353439947235,0.7103204533270437,0.06229518969001872,0.20542107509103336
1025,9.499236225745242e-07,0.22222184645635462,0.008142516506841434,0.4153872472964382,0.3478641123289084,6.304326605484452e-05,2.541701965000792e-05,0.006294867199121334,3.0077685992464225e-12
1030,2.745915962242071e-09,0.001660829289930157,0.0019220582414736184,0.8603915896227224,0.025861786258599462,5.79748740471408e-05,9.233601566027775e-05,0.11001341347919817,9.472451416485323e-09
1031,7.778647870448546e-16,3.5281366344685594e-06,9.92697158103151e-05,0.005971028297444878,0.2678449237416237,0.03354635192204752,0.08635292998872467,0.6057149564549357,0.00046701174277735956
1036,7.442835443123259e-10,0.0003446854990004944,0.03633451581847856,0.06991808120629403,0.28970457106539865,0.3222386364181934,0.15553510512482155,0.12570152794846434,0.0002228761750639014
1038,1.689779533284818e-11,9.35141262234891e-05,0.012408986876038872,0.009362291721946657,0.6679320413071577,0.12391987694641428,0.15218743204455618,0.03403686201476164,5.8994946003150724e-05
1041,0.9996900094156288,0.0003098150683771752,8.998687772531891e-10,1.746150722019476e-07,1.0525230345715795e-12,1.0280844661761048e-19,2.780974224165262e-23,1.2671417736945762e-19,1.60709538056783e-35
1048,0.9684688263092196,0.031188915858842182,0.0003407753894429606,1.4780007804516826e-06,4.43706447925952e-09,4.640657024784427e-12,8.46281771692373e-15,2.560973759200239e-18,1.256319668822809e-27
1051,1.0466326463197508e-24,3.2918064413487045e-13,4.109891319598618e-08,1.5549444965124717e-07,0.00010074818921114246,0.00669436180016112,0.24721653231426624,0.023245387202630734,0.7227427739000396
1060,8.820373315532374e-06,0.031701805238985595,0.3939001661381472,0.4545930139727719,0.11421194764599356,0.0021994364617582665,0.0029702804030234367,0.00041452791728414684,1.8487206859128654e-09
1067,1.8013570325318916e-06,0.022544161639984663,0.5497208207150956,0.20944597253708686,0.14846164879872115,0.06211882970125834,0.003574307555071178,0.004132357988008055,9.970774196156276e-08
1075,2.5374492974315448e-14,1.7568664937533432e-06,0.010497752542672675,0.00010988288179969315,0.006930510648357869,0.9194690219615103,0.06052552062985202,0.001394173648039258,0.0010713808212482973
1078,4.769760862875445e-06,0.0676751198127026,0.4997335367193038,0.36083409425513546,0.06700552610705668,0.004431459331491192,0.00022099726014259257,9.449654793617157e-05,2.0536876451167187e-10
1080,6.133495971779269e-17,2.124308230318149e-07,0.001671668610268309,0.000434528157979559,0.030457473553101997,0.2105626017436241,0.5558717030543203,0.18412068854573196,0.016881123904150835
1082,5.216478869286926e-15,6.186815297248027e-07,0.0013011594912465479,0.00048100591868702474,0.022096487276897645,0.11268901073094328,0.3136064877931216,0.5171581470716379,0.03266708303593098
1084,0.05758859606201357,0.9215885083363773,0.011717320262063942,0.009081277196237915,2.4282568020671063e-05,1.5481387895892636e-08,5.01975039517209e-11,4.370131536118652e-11,5.598088717927307e-22
1086,1.1237693733481328e-08,0.010713617170326045,0.044796083287263005,0.07221345073325375,0.7698936812110273,0.01954172407742668,0.016331644903437907,0.06650930839830728,4.789812647390576e-07
1096,1.366867157050147e-13,0.0006483835103637996,0.6509195691576631,0.011541883412466434,0.03652621285518242,0.2957784036562651,0.0045666254943536756,1.8892448948083592e-05,2.9464619554254944e-08
1109,3.561305343322465e-05,0.10426611266373834,0.06737559136891733,0.15267390377841858,0.5632265610150539,0.11091144879640162,0.0013455547256352352,0.00016520081974434752,1.3778656668763214e-08
1111,0.015729299173171066,0.5420479763983854,0.3525634166576878,0.08618886915811265,0.003464007467867504,4.4711009649401294e-06,1.839188391548435e-06,1.2085541420995363e-07,4.713420337263495e-15
1117,3.6853356994377254e-07,0.016380684058768934,0.28594583000861157,0.5069004560627478,0.16949814686417108,0.01965593330936261,0.0010028874514968942,0.0006156915247853029,2.186485349730254e-09
1131,3.986945412169472e-16,1.2628083151933238e-07,0.0005246234163034557,0.0020870818671016155,0.09825505008937634,0.02213120501647247,0.30424911299844454,0.570734334850571,0.002018465480897621
1133,1.024534169578535e-18,1.2221188700597692e-09,2.6841722241215417e-06,0.00012834258726956892,0.0026061602701276834,0.0006352573975693869,0.03234895161379855,0.9622924635691774,0.001986139167716007
1135,2.878698263370581e-07,0.009236338091441715,0.08043446621131538,0.6290203316239094,0.09136424608430314,0.0009028190934226925,0.0013273967443512978,0.1877137077529712,4.0652845798373834e-07
