ptid,p1,p2,p3,p4,p5,p6,p7,p8,p9
2,8.746789072012808e-09,0.005507426433071208,0.7120823390272608,0.24014692143538643,0.036391885594687735,0.004564856537457246,0.0008950129239773542,0.000411549050337546,2.510258258655381e-10
3,0.00012831194947744717,0.016689958946832673,0.9277054376150093,0.05048095341479801,0.0016312975324932239,0.0033110934416088634,4.6689627123287924e-05,6.257471144798443e-06,1.5131532626115183e-12
5,5.16689701201369e-05,0.4824992375385857,0.11287580058279718,0.39926744333191966,0.005214869959704264,8.641793171970167e-05,2.2942108554718428e-06,2.26747423149033e-06,6.723688550570293e-14
6,1.0315626982881286e-24,4.0855912300358937e-13,3.7084066632756863e-10,1.991370904140786e-07,6.655831176491855e-05,2.289867578960991e-06,0.015091155004996297,0.7543532055124188,0.2304865917948995
11,5.88671937791874e-26,1.9716295108099236e-15,2.6935740672304685e-10,8.407708275783154e-09,3.8531881578722635e-06,0.001110450943343751,0.05256040150518899,0.5845530238169871,0.3617722618692548
16,3.571331021475562e-10,0.0003725583606334584,0.024321113270778856,0.10849883723623108,0.5176620282743554,0.002542876046805571,0.25109919791602925,0.09550142404439801,1.9644936307166347e-06
18,8.262132052148089e-07,0.0004937969942989144,0.003906441133220531,0.02867581506517305,0.03514854331895273,0.027929475121570613,0.7159482782834884,0.1877775650849157,0.00011925878517138813
19,0.11502461231880376,0.8739820894842671,0.009976886085239663,0.0009904061941354604,2.594175441495111e-05,6.209709815667963e-08,1.4901392357317812e-09,5.758987561468531e-10,1.8741698578801996e-19
27,1.2403548986976459e-15,3.5857118928688954e-08,0.0002712619100098816,0.0009031331998472806,0.03608050999911539,0.010123758115861654,0.8223264207823759,0.12678438319060778,0.003510496945076646
32,9.588440116718119e-16,4.5256657135061434e-09,3.4829759403031666e-06,5.036234856630982e-05,0.009422704408053201,0.00852730141384584,0.1763917824459416,0.4621902655262848,0.3434140963556997
39,2.1605647176860573e-18,1.8988575449780245e-08,0.002820680082339406,0.0009128806851990469,0.21326765669858028,0.25702590809144105,0.49496997662283093,0.030402934616597845,0.0005999442144389434
49,2.4597991429269143e-06,0.007029095663435562,0.11208265990279234,0.6529069645124858,0.13084878711433742,0.04235127426498904,0.029574639612007857,0.025204008215723602,1.1091508547809773e-07
52,0.013289020756471724,0.01080128516602874,0.3353583077018361,0.18641690902246547,0.0963074053497306,0.04428662485497572,0.10006485606482945,0.14616351480005063,0.0673120762836113
60,3.197898663925513e-17,3.3049227932158698e-09,2.693926341917236e-06,0.0002709008349301388,0.0025985619510799935,0.16152896410009418,0.37764665825012206,0.3954707367343459,0.062481480898164896
63,1.2000822542795954e-05,0.012345025157095927,0.9363995817046179,0.013879571138460795,0.00813131084311926,0.0027390933876872575,0.00499010854604316,0.02150279204224843,5.163581841639339e-07
66,0.006056828283387409,0.27770933685307136,0.33969913530681073,0.26850874766685245,0.10083450173300831,0.003294592858658884,0.0036485182646415156,0.0002483389560045826,7.756838578070903e-11
77,5.851198582505844e-40,1.216911361027988e-24,6.204798193678773e-17,2.79117749940604e-16,2.6922695107975444e-10,9.82315315645139e-09,0.0002850271283599401,0.0002214646684299727,0.9994934981108284
99,0.013535478737948988,0.904172325662449,0.02763712321289849,0.0507054164742077,0.003916129682725762,1.6432373795829808e-06,3.6489293270110826e-07,3.1518099444744356e-05,1.1547271870648866e-14
100,0.010348781487117499,0.8338650923746208,0.14034401042640562,0.007200391566410739,0.008213091852807644,1.6663596548990927e-05,1.3259159687914443e-06,1.0642779272074238e-05,8.481874312947108e-13
106,2.0959483532074268e-05,0.014965391082354262,0.18113651780719806,0.7178406175682996,0.06667042583533023,0.0173380218655959,0.0008609360245104494,0.0011671180425134404,1.2290664882148052e-08
109,7.281098652827105e-14,6.403198042834609e-07,0.0002885664400140454,0.025279961019829326,0.1804041142769229,0.015861909797305493,0.25323317901613684,0.5238717963080872,0.0010598328218274912
110,1.1308438765028637e-39,4.3582024394068755e-24,6.279700681387513e-17,5.562469472887561e-16,2.0423443656768398e-10,2.063571094938524e-07,1.6882723998788258e-05,3.033491184645898e-05,0.9999525758028095
113,7.167678990576849e-23,2.0538922947864046e-12,2.79038677099595e-09,6.761130765710443e-07,0.00032059573169563644,0.004967258320105643,0.12658579754798693,0.0639165652415493,0.8042091042531454
137,0.99963266929525,0.00036672242279362985,3.9980690497699805e-07,2.0640391296315214e-07,2.066567174125645e-09,2.1674061341826365e-15,8.224140538639018e-16,4.568857525541985e-12,2.392157295298883e-26
139,9.98394396549589e-08,0.006262551492699531,0.2930448081948875,0.06437548403165533,0.6125575270956167,0.0053019688466056855,0.01770646242227748,0.0007510940713828769,4.005435429191347e-09
154,3.288543117650212e-07,0.11967996130287356,0.1951312160330452,0.19547454680622464,0.48736053948612296,0.00013788468678457987,0.0009130937765059202,0.0013024290482559235,5.880675503491169e-12
161,3.116696733682757e-13,2.6225083577603087e-06,0.004548684340282998,0.001184344708257745,0.020184006043375387,0.39620534035587385,0.547682918181954,0.014159206274883982,0.016032877586702514
165,0.064894753925137,0.7589175288307032,0.16591158291960525,0.008058858728522165,0.0020945500803927113,0.0001209697571611634,1.6775455837607577e-06,7.821261701837242e-08,2.776561919925035e-13
166,6.299171226036349e-08,0.019192079360901424,0.6078995028600854,0.19632755667658575,0.10922873525234678,0.020210707124373242,0.02041368840679515,0.02672762540311522,4.192407419931031e-08
171,0.00041429410628744125,0.2595535847031708,0.6804829376524774,0.0419875246640636,0.01715387892366157,0.00039726826248720986,8.082458635115025e-06,2.4292291950007535e-06,2.527315563403871e-14
175,0.037742759514448825,0.7073886279752064,0.21188598947753207,0.0370972324717421,0.005881889810958501,1.226405829838497e-06,2.267026126384382e-06,7.318143518437313e-09,1.0925842561715504e-14
178,5.999501244254263e-07,0.026948301491620134,0.19212618493344238,0.5867820264670145,0.10889594960597128,0.02575870330638837,0.031481842728234226,0.028006387995841077,3.521366297493181e-09
191,6.64459063326116e-08,0.002510118240005571,0.7949963544610076,0.20125526027596816,0.0006346760518999763,0.0005818664330799018,1.7717756169570437e-05,3.940335631690651e-06,3.3025715734972695e-13
196,1.7582398245634321e-06,0.04307995280187156,0.3370944353096293,0.1877338038243492,0.36813150580237575,0.015364371479708112,0.01654136110837818,0.032052204439998865,6.069938647908853e-07
208,2.846581216279467e-28,4.761946463007011e-16,3.8534855722784865e-08,3.675036937238985e-09,0.00011547013051893848,0.006649116080942363,0.03154852955833039,4.097639912778906e-06,0.9616827443804044
219,1.3380666636906127e-19,1.5413917226500128e-10,4.702215613678148e-05,1.3161589914682714e-05,0.018891433836162683,0.013055122994880741,0.6603215931117868,0.018555808290175634,0.2891158578668019
230,0.5232847767785328,0.46744761804384666,0.006222978489585401,0.003043195465273211,1.3872250611377733e-06,4.3988348215269706e-08,7.816018750180485e-12,1.5355651448436785e-12,1.0392397281325985e-21
232,0.0011903256340588492,0.2299325199892206,0.4447167092577194,0.32092883877666395,0.0031324351027892795,9.19656031080353e-05,6.0924942895936765e-06,1.1131417797537117e-06,3.7069416415747773e-13
245,1.1912057657462159e-21,1.9743365789716813e-11,4.863599100392533e-07,2.0461784560809156e-06,0.04243994163718206,0.0025039324817854028,0.6390643491068149,0.10352996733095371,0.2124592768851543
246,3.596882126751108e-15,5.682099753954856e-08,0.0006407110869349089,0.0019643471439283766,0.041039790746754665,0.12182764697906813,0.7368612034855386,0.09187935573068501,0.0057868880060901115
255,1.4639383982442792e-20,1.02030808724019e-11,9.707446466135539e-08,2.923498100982136e-06,0.00033638602812445815,0.7791515561391985,0.05649212599644833,0.004090208899765754,0.15992670235369774
256,0.0006640042765360112,0.1643201571198246,0.7171531204605851,0.11439191216458038,0.0034404986964709505,2.1474075409228644e-05,3.3232311482344e-06,5.509975337025483e-06,1.0855739920026756e-13
262,6.966626618986059e-06,0.011618702007291036,0.23601701596760727,0.11989548870342404,0.5683770966437025,0.006368537713205067,0.0442830910478759,0.013433098227892348,3.0623782221436248e-09
263,0.0004304253775534821,0.7050411341239273,0.09864338560049524,0.1921937882053145,0.0036626830428221563,2.6542736405436916e-06,1.1949022381903163e-05,1.398035355900979e-05,3.059757425154473e-13
275,1.9099275474328788e-05,0.30504990579120783,0.6736239868748146,0.0032155618767124275,0.017795357446563437,0.0002031498614685339,7.307701508377518e-05,1.9861856541287172e-05,2.1365076906470414e-12
279,1.0899047487495347e-12,6.2778616588201914e-06,0.09906496601053141,0.004475621508384235,0.06193656934458072,0.4098454246042407,0.42118132138543163,0.0034702066308174868,1.961265328239374e-05
280,2.2268487314421813e-23,6.763091890928915e-13,8.556306394608682e-08,5.4361034320822805e-08,6.768146801289302e-06,0.07714398066281568,0.417241423233206,0.024097546475841544,0.48151014155655447
286,0.010325345114630919,0.894408067119824,0.07222410362903228,0.02263434245575442,0.0004006648599477996,7.312741741862517e-06,1.555985147925934e-07,8.480553704769669e-09,8.942374187908014e-16
287,1.1076668524199614e-21,2.929084796174831e-12,4.380920006221541e-09,5.8050239093099145e-08,0.00011839852255846705,0.0019302305540501129,0.23254959576820378,0.35299600318238544,0.41240570953871086
292,9.863804977561353e-06,0.0641371872788741,0.6195576431711466,0.2787448795329604,0.021206358132553327,0.014294914805248218,0.0020349580986876834,1.4195107840685692e-05,6.770858903770469e-11
294,1.311208251510386e-14,1.5262701035065407e-06,0.0015403623640561227,0.002233931929806459,0.10272932982482655,0.4964286219906003,0.3952324498597488,0.0017886139686899129,4.516379215966789e-05
295,0.024444302821797652,0.008658643623463955,0.25061426540753273,0.14527475950735416,0.10321994290233694,0.030417384671309673,0.07577136801043721,0.19594938574046764,0.16564994731529992
302,0.0044112728052653075,0.9780353411473306,0.015848021893120436,0.001617282491807956,8.78884653229751e-05,1.919388394083759e-07,5.213972566206696e-10,7.369128902970733e-10,1.146687422314732e-18
309,2.5472655827452548e-08,0.00013086887900863213,0.2015990726006904,0.00019205768407504616,0.0012109330067559218,0.79610384579994,0.0007631578468497107,3.782377526427156e-08,8.862462000668373e-10
310,0.00641406540337151,0.850121656506082,0.05715738772390061,0.08556840085308824,0.0007079577187080349,6.788493012955714e-06,2.461114060229322e-07,2.349719042376812e-05,3.936636103919458e-15
318,3.834628676665466e-16,5.230545341051764e-08,0.0014300919254386989,0.0022901744415146693,0.005553188601015595,0.9313812597102563,0.040581754784289915,0.01800332788425234,0.0007601503477757966
337,7.569396846054625e-23,2.986059447618505e-13,2.325845754360592e-08,1.7615461609238774e-08,0.00022230891213188147,0.001271516142705333,0.5056017334987633,0.3883152017183498,0.10458919885381551
346,0.002998216897164437,0.09413886878497907,0.74374182288186,0.08329498291273331,0.07271791867252429,0.0017046306750379198,0.0011178110478859123,0.0002857478076317673,3.201866414502957e-10
364,4.756381713915576e-10,5.753415978312323e-05,0.004062916848261156,0.01501091254864013,0.15360677464006306,0.03139456902556255,0.24400778903124287,0.5518154137137872,4.408955701719711e-05
370,0.0016509106125539433,0.9788292132168634,0.0075585976437241836,0.0038458149508940474,0.008100392101133861,1.465577757276252e-05,3.1544939813669303e-07,1.0024785311820015e-07,4.17905590784771e-15
373,2.355887358263418e-05,0.04766195813692388,0.8754988409516017,0.05791955452183441,0.018752087280870616,4.157135899490823e-05,6.213913018008773e-06,9.621496295658445e-05,2.1832362681913536e-13
374,1.6011265502484532e-22,2.1924400021532907e-15,2.0122025317277431e-10,1.4723294603214004e-11,4.370467912530623e-08,0.0009433246697375038,0.00013777125139624444,3.1173832843587485e-06,0.998915742774957
376,1.3565006329169535e-10,8.814122588146307e-05,0.0019162511125822125,0.024393834367418654,0.4964962184786651,8.724294871236002e-05,0.15313839550130856,0.3238787291759576,1.1870538352562865e-06
382,4.3049818583560493e-17,8.972098534628556e-10,3.090742588651073e-08,2.1173544389305633e-05,0.0013875053362252,7.254841692495765e-05,0.06954027995528136,0.9029780312078433,0.026000429734694103
384,3.6308488695757326e-12,8.119560877378077e-06,0.006519592009541761,0.06398387337444611,0.011783900097594672,0.4722344878242049,0.3763613386346671,0.0665000671448506,0.0026086213501837897
390,0.06354529198316468,0.9263710197414455,0.00541089730943377,0.004617667553098747,5.512166686744064e-05,3.1764967529627457e-10,6.563934770569091e-11,1.3627020057767468e-09,1.9759113101982985e-21
398,1.6020918914451003e-15,2.057524459566814e-08,9.287051311731311e-05,0.00040507729698365587,0.0017483860061153298,0.07515087455751623,0.19087594910085992,0.7311834841303447,0.000543337819818966
404,5.748743881835068e-23,9.25203925413012e-14,4.292429346285938e-09,2.647701368446974e-09,9.25037385134353e-06,0.0023952406130438374,0.05664865062616884,0.004260177014644402,0.9366866744320678
405,2.7061747162621e-28,5.26030405143287e-18,3.347558509269429e-13,1.3883791899856749e-11,5.290239792203517e-08,1.463057168934787e-06,0.0013774143763569864,0.024131804677011526,0.9744892649728583
407,1.893401042935526e-12,2.9637103041967073e-05,0.03936890899849046,0.12768591734968576,0.028794259807084933,0.33469648016095266,0.19124538462255913,0.27813582283385735,4.3589122431836274e-05
413,3.4322241800695992e-16,3.214490249664652e-07,0.002481103164078147,0.000997404483684864,0.0008932112938775066,0.364789660732162,0.5224364353264308,0.10834509887564339,5.676467509314268e-05
417,2.5961491183388594e-05,0.009194901680438744,0.12621174184670345,0.6608050821137993,0.0461334610584601,0.016233336400112135,0.013334246518722281,0.1280579583175895,3.3105729913088084e-06
422,7.0013746488437e-20,3.282966017847244e-10,0.00015088964661691068,2.5532295014088962e-05,0.002777147004266726,0.1316886460937074,0.8612532123356819,0.0031091958130724,0.000995376483346292
438,0.003148794304777605,0.9664693487250463,0.021515169350086988,0.008832244292790782,3.4163477241521995e-05,2.7852333055383894e-07,1.3151319710233455e-09,1.1597078134699793e-11,9.185682692423743e-20
440,3.8661347670272876e-05,0.939528593636846,0.044585561950261365,0.013615279033912797,0.002113557529489711,0.00011588514980995561,2.056070432275228e-06,4.0528134590449883e-07,2.3193424205494014e-13
444,0.002946253222962607,0.4781914142213395,0.4065621008568091,0.046875452529277495,0.06512959362095552,0.0002562246730529082,1.8212418442988133e-05,2.0748456889910378e-05,2.6815323810301136e-13
447,4.7934431212655005e-05,0.044104019393419854,0.6821783770458778,0.2697003216946809,0.0035137402149910996,0.00041592419134248095,3.1982172010849005e-05,7.700854034709335e-06,2.4305594734862686e-12
454,7.555622561219464e-13,3.191646495671855e-05,0.4224697314994598,0.021972669140831538,0.24086453657546794,0.1596573109118721,0.09333434909106944,0.061598280875477834,7.120544010556037e-05
455,0.03514247764069538,0.009658816056064374,0.3314226298821353,0.14423663665508515,0.02522885173163329,0.12153991885019926,0.12402752045583915,0.08488642410604848,0.12385672462229987
458,4.797149164625222e-05,0.012455061182156515,0.31237000515693514,0.643674271674995,0.01641019049294811,0.014589809813554977,0.00043044887028060257,2.2241056255485604e-05,2.6122721023353016e-10
465,0.0003710937156482509,0.1277292243812112,0.11066740887940574,0.04653095017368128,0.15516167409752138,0.0014368320884904189,0.017625544581341746,0.5404772511020416,2.0980659794946984e-08
468,7.209620297534519e-29,4.9267166051138885e-17,1.8395485002988205e-10,3.8087844701905366e-10,1.2551873526914663e-05,2.569432572884328e-05,0.01006145840671715,0.00015600411710324494,0.9897442907121022
472,3.537862292822179e-13,6.16538057008282e-06,0.0028038921470446296,0.12836174774847953,0.4798117140278577,0.04837764426325245,0.3033016722138551,0.03733294358891692,4.220629647866222e-06
476,1.929367831400749e-12,1.977964994203806e-07,1.852135843731914e-06,0.001508857359174767,0.011622519326469521,3.3152020758450965e-05,0.052515943685928525,0.9342911395900676,2.6338083318642663e-05
479,0.0074369125930681575,0.11909126794097954,0.4904239105207292,0.3486673153394814,0.031411899433352396,0.0022354758990919894,0.00023941511012879195,0.0004938024988577226,6.643107069633339e-10
481,1.4991878962641721e-18,5.039916302318164e-10,2.644175813193239e-06,2.2379178295094404e-05,0.01450023974091117,0.006660739170384255,0.3926977706953756,0.568256720801693,0.017859505733538266
486,2.4381191348651654e-18,1.2150738319096771e-08,0.0008059109628972325,0.0003612047649062239,0.006445395149698785,0.446313083069082,0.5456074148076474,9.41057870212027e-05,0.00037287330801297815
487,1.144298511961647e-15,8.000750641685206e-08,0.00012699529019214305,0.0004693728833538593,0.5713447663579256,0.0007230153135425975,0.07315958440782676,0.35406083849067577,0.000115347248968197
489,1.6981474006485736e-11,2.176745086451055e-05,0.029238811379125266,0.02427469495833445,0.028774980473889124,0.8321331836980821,0.08541324153967915,0.0001384746442427829,4.845838804601248e-06
492,0.028660377042453177,0.4565220473071353,0.4772679090303377,0.030187386477527507,0.007297651432147006,5.60786579550866e-05,3.356019237788148e-06,5.194033089259988e-06,1.1825298887718293e-13
502,0.004554721043842726,0.9225430405433441,0.03949561564152342,0.03245378542199263,0.0008410854480629034,8.94154125203601e-05,2.2318446028586287e-05,1.804259331789303e-08,8.978471549038364e-14
503,0.5564250580615442,0.4268828305563317,0.014500423023037794,0.002145114612724963,4.647023147312934e-05,1.0303014710995931e-07,3.052513704889169e-10,1.7949119170603403e-10,2.666760867177754e-19
505,0.7626654505745875,0.2239810064569944,0.011391990072165804,0.0014811954993182647,0.00048027506932057576,1.5914159014313904e-08,4.6239064015413134e-09,6.178954838396504e-08,2.6547672659690377e-19
514,1.2468484739465144e-09,5.345771795112751e-05,0.019122988413568423,0.08481798768377603,0.12017641089936232,0.15807392889273858,0.42758161136308687,0.18814724233363786,0.0020263714490302417
516,1.8275085810095653e-05,0.14282597756707677,0.09037999079455313,0.48735863614735886,0.2555712791546767,0.022718944158224032,0.0009959666804266391,0.00013093035789685941,5.397976684463931e-11
519,5.012743494084803e-07,0.03893326588215848,0.2915970704912371,0.1468865100971135,0.0914167222333174,0.3645523087401955,0.033810373186928075,0.03278771835601271,1.5529738686310704e-05
521,1.2797666905124158e-08,0.00014734649672032622,0.017181548784582324,0.0014079316431863276,0.46602906424925883,0.00984218593462764,0.2964706710825582,0.20663516604382576,0.00228607296757324
532,9.040261486152831e-06,0.014653251516480746,0.27398036241031243,0.09229476816356091,0.45065563125874813,0.0003850399886976093,0.11995299440952663,0.04806890890368876,3.087505468674382e-09
539,0.030959314550233596,0.9172778431894685,0.051508343857114045,0.00024351723059073068,1.0899014996790793e-05,8.132488170117742e-08,7.36165114589813e-10,9.654955591891899e-11,7.867285961412583e-19
541,1.5638820656269955e-05,0.11941175324900427,0.014372802833266798,0.06657132866166247,0.7689288489937188,0.0034030031469236416,0.025954128983441013,0.0013421607526494408,3.3455867011618173e-07
555,5.902391116068031e-05,0.3721756765282413,0.016688582014668583,0.48306078406489894,0.12294394861418555,0.0021950483003009657,0.0021665945963170886,0.0007103408235335832,1.1466956025449963e-09
562,6.25240288392144e-07,0.006778909512844769,0.9159911288688849,0.012430080319093172,0.05317045333176993,0.011240483186845956,0.0003249948678082534,6.332452728668952e-05,1.4518085071507603e-10
563,0.00031725121260891696,0.8480014059896438,0.08816386762327146,0.05689895680130709,0.006533779735851299,4.921534809480949e-05,3.1339422535998256e-06,3.238934516018027e-05,1.8080960684933748e-12
564,6.096014773140073e-12,4.928642662148802e-06,0.0006786471054398414,0.03130386308928805,0.14772616794853105,0.15811832705587733,0.21835111595974782,0.4437911574672875,2.5792725072251473e-05
567,0.00026025729814920185,0.06286645701037119,0.8965350219945241,0.03854518243531627,0.0016582317450807738,0.00012491254012798902,2.0547692879242292e-07,9.731499189816631e-06,3.109764676076158e-13
570,9.35774674029051e-13,6.3144194964963415e-06,0.0308994049942352,0.011690903174342498,0.021960669707532448,0.5400015109719692,0.3576596247438214,0.03773554608650279,4.602590116443275e-05
572,0.004588497547917365,0.9594866449520101,0.03319363064776577,0.002696032078638581,3.5112782302862246e-05,6.828017941998982e-09,1.361281723226971e-10,7.502722063853827e-08,3.111265494539195e-19
580,0.00016144025227925882,0.23656901306948905,0.023714849597118528,0.5645868338122045,0.13798779262128258,0.02267361829906846,0.0028024044565065883,0.011504045829487082,2.0625646186855565e-09
601,1.822345549029764e-17,3.644405615719946e-08,0.00017059128565987617,0.007525284619772177,0.3723940888825862,0.3016098077814557,0.291323041236882,0.025933873103112202,0.0010432766464775517
609,1.3397450509933255e-06,0.0032060784174060076,0.36443617551406376,0.4780291739967818,0.06530709456136194,0.04590044515589727,0.031852774940402916,0.011265713165790125,1.204503245622768e-06
614,8.37458683749108e-25,1.6422132020778832e-14,2.385154736740463e-11,1.2925514937457409e-09,1.9296475380297765e-05,1.2179433345201624e-05,0.02646225377580979,0.03257277406070956,0.9409334949383403
628,3.4073513664929416e-05,0.006507557028360841,0.7845601682766945,0.16177703168080224,0.018647003187788423,0.027498632404173506,0.0009679994959677986,7.5223481697554845e-06,1.2064377506848878e-08
631,0.0021575534960144235,0.8886394884744884,0.02566210809604227,0.08332905007420352,0.00021173171199402138,6.266725206061752e-08,1.9019132799968834e-10,5.289816639828768e-09,1.4140830674546196e-18
662,1.6140674111109743e-16,1.4719820502965953e-08,0.0011595239375187627,4.692214289296615e-06,0.004041894700273549,0.9941459909896725,0.0006401542230227065,1.1969587075864403e-06,6.532256691427763e-06
663,7.486394630550379e-12,4.855560188448991e-05,0.1003377937727348,0.30876426720056194,0.3994227000367721,0.1233680041368153,0.01852866687560136,0.049526727366907185,3.2850012340925162e-06
667,0.6306265523768103,0.3620677036570957,0.007022997928069456,0.0002777679336574851,4.838407351666643e-06,1.390130909756631e-07,6.459275166302644e-10,3.8001238757987467e-11,1.7246297263689933e-20
670,9.603819383395826e-12,0.0003822566116650745,0.012203000925052243,0.012905289570068723,0.9705744342031571,0.00027808895993573226,0.0016356300043194316,0.00202129671032886,3.0058727754544077e-09
671,1.676466939108043e-10,0.00022674142974186766,0.0372543826206582,0.12221987510001114,0.7268676411363881,0.07762168654637171,0.03152488281346723,0.004284059607594685,7.305781188250437e-07
688,8.820696121664419e-27,3.30478495450369e-17,3.050353867383137e-12,3.935010872728178e-14,9.90824041985523e-09,2.0366069687103277e-05,0.0007604541826310209,0.0006155820939382117,0.9986035877424176
690,1.5335483281718348e-20,3.325298914472203e-11,2.696123024942954e-07,9.781359265099427e-06,0.0015562462170260805,0.00020456294071994485,0.6817724996266109,0.309985798820839,0.006470841389981182
702,1.2612140155469148e-06,0.004902839628647622,0.6947732259002712,0.1587157668211559,0.026436907628276236,0.0070534916631256415,0.05194815004375006,0.05616378482564834,4.572275109651474e-06
703,0.013131169170426619,0.13188094178395737,0.4248809392181719,0.412500734395032,0.017006959102253107,0.0005903642422729814,6.749849761622754e-06,2.1422235692903483e-06,1.4557973541228978e-11
712,1.193361079286868e-08,8.279167578473479e-05,0.006072060313943539,0.1202951159842704,0.2423360146822225,0.22337329709564666,0.1425111102386964,0.26008267446293765,0.005246923612887397
714,2.2295920518868432e-05,0.6384711063311485,0.2805289576385457,0.07247527093515294,0.008239391965049475,0.00025686556759427106,2.492515811386898e-06,3.619125485612032e-06,6.923240405251345e-13
716,7.095501795327491e-08,0.001311973627096152,0.5233788750190765,0.4383909585246115,0.01867403571987023,0.01615112850357352,0.0019326360488295666,0.0001603210512231511,5.50702328918471e-10
718,2.7186051198555855e-15,1.1308837174068928e-07,0.0017469155057472092,0.003941804360257553,0.07401402368172535,0.2150709201046338,0.6449008273925423,0.05545193920019318,0.004873456666529357
728,2.844397052075507e-06,0.11050303546493255,0.702292132283029,0.1555724687644202,0.03098212689867688,0.0003466690807047353,0.0002946358077393373,6.087303082102594e-06,3.651510895782481e-13
732,1.018169137712696e-12,4.120772742107153e-06,0.00046840628810271203,0.0012655627354462256,0.06863094246595962,0.0010948646416906144,0.3086005982255754,0.6194347164813437,0.0005007883881232201
734,7.196545557975042e-25,2.6367566682016762e-14,2.088537768420126e-09,3.450915324333454e-07,0.0007224329728340172,7.881497120886604e-05,0.13937330835605513,0.13597367402167454,0.7238514224981232
741,0.20307232862437605,0.6640440865716004,0.13255213282558498,0.00012814467238240313,0.00019544067988681773,7.86018560146476e-06,6.434597809118765e-09,5.96929817885324e-12,7.716977666707168e-20
754,1.339373487777647e-21,8.799275523380869e-12,1.4298104560181623e-07,2.9484241002565024e-07,0.00020456087885703267,0.0009272530534934525,0.04283388523313055,0.7952836523862045,0.16075021061605893
764,1.0856919178301106e-05,0.036513445662136046,0.8371508006683112,0.086081306485239,0.02703162333968738,0.004900254359783931,0.0075588306414011265,0.0007528815479639316,3.762995656399748e-10
765,2.846867083767865e-09,0.0009869068399921861,0.012831211405497344,0.13856351220866434,0.6235838031395603,0.025595697677710604,0.07843967307156922,0.11999435236330916,4.8404468332720935e-06
766,0.14750687511545227,0.5884419781906002,0.2601478158561343,0.0035724959598446757,0.0003257549567634127,5.0786163744633375e-06,1.2874013866036937e-09,1.7429415428047126e-11,4.52724964892739e-18
769,5.440812429391317e-07,0.0036006547503388887,0.6783853136737502,0.2903474434296352,0.02483469685769848,0.0016994422836647215,0.0010698348919211942,6.20699864892959e-05,4.5260618219802234e-11
770,6.884862803829869e-19,3.4866680459796937e-10,0.0008268621470770591,7.149079915456311e-06,0.004558947124369229,0.49726168710408525,0.4710292174948496,0.0029231826125642882,0.023392954088468462
771,7.124920900740609e-13,9.637030389923516e-07,0.007875748901676699,0.008112825496917712,0.005901498976410102,0.9333251896458704,0.04216734793043862,0.0021175533209187524,0.0004988720240216944
778,2.2042488490429764e-06,0.10147273944700252,0.7482909832335032,0.10644735382185617,0.04155755749240869,0.0021434798580478257,6.845882726405401e-05,1.7223062053017026e-05,9.013838279020076e-12
787,4.82038442960563e-07,0.003972314414480349,0.5632198540050414,0.0956255816064381,0.21611437978516318,0.04121747912633218,0.0793185671628192,0.0005313314335072001,1.0427773317164174e-08
795,3.356840960814233e-24,7.114202523837703e-13,1.0313290837713806e-07,8.753043454546942e-07,0.0005897395547290864,0.005459000283708839,0.823082057498077,0.00540852666575246,0.16545969755976497
809,2.5395202254203724e-07,0.007108105030381234,0.6180749772435922,0.10701800498116235,0.07856391866251225,0.17675955738834592,0.010683855547513282,0.001791229151520576,9.80429509924819e-08
815,2.4942612387736727e-09,0.0006086168074622659,0.008440831048103677,0.17927982029230036,0.5266415354397821,0.018743413881013006,0.2579389867653272,0.008345908510465254,8.847612901747113e-07
818,8.442604259305115e-06,0.030078870581925765,0.8753372277350924,0.027499850847181373,0.0009678585450676819,0.06589577149804761,0.0002045288234545891,7.44935973496118e-06,5.2385453511074404e-12
819,1.7390027351994973e-17,5.30924070339051e-09,8.556821586740593e-06,2.025551826984226e-05,0.47505698079316205,0.00017288947776760656,0.3507436964859464,0.1618694706259845,0.01212814496803959
825,3.472061290369315e-11,2.3553898056281056e-05,0.13938099906600926,0.33645653009351806,0.07890409810149734,0.09633007461705252,0.20031130342071976,0.14846309002964278,0.00013035073878337692
828,0.009243037731593181,0.01918531934576362,0.9613248148316593,0.0070495611965089005,0.0030638781263478097,0.00013196830951825542,1.4077557256036544e-06,1.2702884660969449e-08,2.8495307182010353e-16
847,6.134691180972328e-05,0.7919611999683511,0.11734638420849032,0.0812751715318545,0.009247614228169266,0.00010429829153881946,3.487336195050892e-06,4.975234898996112e-07,1.007845147104244e-13
859,0.0005286362763395249,0.03724611980567236,0.5228306401397239,0.435296916909399,0.003889321759135731,0.00020108384712924486,2.2889312890493555e-06,4.992331152266605e-06,1.571756549384726e-13
860,0.0422605090418873,0.8219807026726283,0.08043247943092513,0.030252265581469606,0.025063561994337295,8.68751512638496e-06,3.6238697831516106e-07,1.431376640405427e-06,9.19661591011655e-16
870,6.595245014756201e-30,1.7196340984955657e-16,1.0070854890505388e-11,8.255165273191688e-11,3.1262441191402313e-05,1.8103342538571735e-05,0.1922502734789402,0.006969469146847485,0.8007308914978628
872,0.011720744968621162,0.2987283455875557,0.679446955581024,0.007699841175291882,0.002392325063166445,1.1601898320995317e-05,1.8286657014177385e-07,2.859450361913655e-09,4.698601001164998e-16
875,1.2438741621442602e-05,0.39558016543970004,0.22214715619859082,0.3718436932910227,0.010171227919271041,0.00012067841628360036,3.499799881216717e-05,8.964193210005756e-05,6.259752416131192e-11
877,1.8180531687100442e-15,5.36648550879196e-06,0.013188557700808073,0.027205003929545998,0.027042335857547364,0.38896917319290725,0.4859741209671969,0.057585688558258304,2.975330822245852e-05
878,1.2111734606782664e-10,0.00015114815274175808,0.029211694190423357,0.16603270048139077,0.6535329910534646,0.05193054699791664,0.07490589075447589,0.02423384247231428,1.1857761597169905e-06
879,8.597136852242155e-12,4.157029323216002e-06,3.178893407637729e-05,0.00020760669419786634,0.09963469702547215,0.023798445189941002,0.8630259810895655,0.013110232608949227,0.00018709141987281446
883,8.227518436518234e-11,2.4826108404168115e-05,0.0008416083158454172,0.02699225094401019,0.17639645985158867,0.03773168667780961,0.6163901884064191,0.1416121143615728,1.0865252074452242e-05
887,1.7550538255990914e-21,2.584035650334268e-11,3.1857163297359176e-07,1.9120098580027472e-05,0.02363940205321061,0.00048455261145961755,0.5630882190205451,0.3876490314240006,0.02511935619480151
895,5.256930509255955e-15,9.547100760014566e-09,0.0012306078940064963,4.920161430153787e-05,0.04320246700733601,0.20505987076772,0.10584632943866505,0.005311192703305158,0.639300321027559
900,3.7359702196037685e-13,6.621595648914027e-07,0.012000744209810968,0.008733482403837794,0.004036594577976022,0.34722684252971614,0.6254511137919168,0.0024147437796009793,0.00013581654720162071
911,1.1741636585245128e-09,0.0010479116858807885,0.007688801517776434,0.009904196134862275,0.30965231414092687,0.16829189519902832,0.4623065322345025,0.04109491509143663,1.343282141969059e-05
917,0.0001370802914063324,0.07740747654200376,0.7805419699287222,0.12983524817691577,0.012037287806630728,3.923715272516002e-05,8.868966991791603e-07,8.13204894448961e-07,4.983571593230481e-15
919,1.9501418826487447e-21,3.715415333776824e-12,4.0248491216921055e-09,9.721330261716079e-06,0.0003676298369633759,0.00021346368888589258,0.9380362614859776,0.0387423441904067,0.02263057543894748
923,1.319235618385203e-09,2.0186101753681418e-05,0.0033600649133037727,0.023570597851328073,0.034118953946861826,0.0043401205900018905,0.00813836776533658,0.9263476596447864,0.00010404786739066299
924,6.227529203880817e-08,0.0046439990376307356,0.1584275934169889,0.0739251433183217,0.37996084968532456,0.08906548642123302,0.28844599080969197,0.005530492629690254,3.8240582698619797e-07
929,0.012054698418294225,0.09719919868478832,0.7426338607732111,0.13318449593520754,0.014863002102033314,9.712584179262675e-06,5.349019262717493e-05,1.5413096319153564e-06,2.3733633244940367e-14
943,0.2548457266106094,0.5552798314055927,0.11764534925712287,0.06696605989553826,0.005208473052595418,2.7811876747619588e-06,5.025688073189231e-05,1.521710129920395e-06,8.70422690632914e-15
944,1.1429144242600274e-10,0.0003694748049437416,0.03389148252387231,0.14362355233555915,0.023181089818059778,0.7728892883493276,0.023061687459311912,0.002926159823901788,5.7264770736791296e-05
945,4.0595238850395666e-05,0.15620691988581983,0.06952905320335602,0.4514997378372339,0.28378606771824233,0.006928323045209585,0.010967341963949365,0.021010590557597176,3.1370549742437776e-05
947,1.0319566295259594e-16,1.9099243491837684e-08,6.764250580335586e-05,0.000551838340343052,0.06961032849029238,0.03640226886066677,0.27020808019950604,0.47976499638569103,0.14339482611845902
951,0.9551969311540746,0.044795101243019726,7.944234242582705e-06,2.3329670860183794e-08,3.898798103034144e-11,3.2528717475266333e-16,1.9468695531069188e-18,3.623121515018378e-19,3.0755797098556464e-31
952,7.159808900640856e-11,0.00744774236714841,0.039324757113150983,0.3716452810432084,0.5744022245748779,0.0016760282342412377,0.003957801597752599,0.0015460036526870012,1.6134533932613967e-07
954,1.459125839587166e-06,0.025775868190529922,0.08519951758011389,0.785361933269065,0.07430644526890895,0.0278134247291191,0.001343569847190743,0.00019777485134647434,7.1378846249450545e-09
956,4.756553676176617e-13,1.6756873877731554e-06,9.170850885094086e-05,0.018446920105756066,0.05134644049709637,0.11696573855994183,0.7173242088831593,0.0957927235489811,3.058420835367535e-05
958,0.12984695699098703,0.8396088322661422,0.02666542280646206,0.0036297729592667865,0.00022689356329847645,2.2074093921065595e-05,4.726552127132442e-08,5.4399904454866105e-11,2.3701180800664597e-18
970,3.3206455667055183e-29,1.004211258415169e-15,9.249683679173117e-11,6.819615693693379e-09,7.779019883436184e-06,0.0017449573546021518,0.052120753676408185,0.23488569467297063,0.7112408083640347
977,0.07577535674482067,0.4913084894479849,0.4002822611036362,0.03004675351103341,0.0025629474181925443,2.3400285302535848e-05,7.333230439305349e-07,5.8165978101626456e-08,4.7768152871540575e-15
989,2.7907546479860446e-18,9.123150527235978e-10,3.332390663841147e-05,2.2320794857051594e-05,0.001112986496310988,0.47310583384479266,0.49338757997605737,0.004803035787017437,0.02753491828201783
1011,6.780045586864519e-34,4.5351548545066604e-20,1.9752282505376688e-13,1.57292779694102e-13,7.773211631474003e-08,1.9497167566692367e-05,0.0017218612494675517,3.234608635074429e-05,0.9982262177641503
1013,5.312124852483576e-08,0.0010379096516384438,0.1766633597631945,0.7074529697035418,0.057715512575296134,0.014939139369809474,0.04201534970021863,0.00017570152209446044,4.59295520254855e-09
1015,0.5032437353838052,0.3038982489965899,0.17110453438021536,0.01922860343792685,0.002353076719817554,1.0690315325137716e-05,2.2335791023325243e-06,0.00015887718674877086,4.701197832409117e-13
1018,6.60369012314736e-06,0.023453291530639346,0.0048426081747787,0.9704720757375465,0.001210837689608887,1.5830745361939927e-06,3.499974806580915e-06,9.500127919851145e-06,3.509014413437641e-14
1021,1.6149735956892374e-18,3.653926102575814e-10,3.248818370027745e-06,4.482222101556418e-05,0.0002882801725274443,0.0833955951552726,0.5554208949396165,0.06552121669665628,0.2953259416311486
1025,4.99407719692101e-08,0.005608111794911984,0.00704723803668501,0.9403391818709997,0.028165467483088527,8.299865416656651e-06,2.241630991221482e-06,0.018829409375591664,1.5490447428886293e-12
1030,2.467222990683003e-08,0.0009482387899967725,0.0007509952583433362,0.8388460747121996,0.030792005279857357,0.0021486192789735158,0.01387225406448678,0.11264167964252475,1.0830138112798321e-07
1031,7.205103909229127e-18,5.9191089124224504e-08,1.5767268265960065e-06,0.0004924937846655528,0.018613176596505254,0.0009450686283150617,0.15779548131474525,0.8219695110989028,0.0001826326589425978
1036,2.351252866303741e-11,8.600547188741596e-06,0.0003504909184614249,0.005815891163919052,0.17432877054096,0.35148004142148564,0.43334474650823934,0.034413847266965246,0.00025761160926294157
1038,1.4126721418308252e-11,1.350533958609084e-05,0.02612806347390493,0.05285759442116436,0.34525740071483724,0.12081929700254282,0.42057128200783456,0.03423202921681678,0.0001208278091852471
1041,0.9995166627627449,0.00048329277585081596,3.436072610035982e-09,4.1022876748177535e-08,2.4550569620487254e-12,8.558527784439216e-19,9.09756873735521e-22,8.890156475224535e-19,1.4492015499654064e-33
1048,0.9956780190961799,0.004315339686101931,6.604456328378631e-06,3.648110326092822e-08,2.7981260931839127e-10,4.5369766188759977e-13,1.9810584237435352e-14,1.8683579814080178e-19,1.0414919769314155e-28
1051,4.3573849292192576e-26,1.1286748718017397e-15,3.93468757566685e-09,1.3275625894219272e-09,4.879571553613069e-05,0.004970029536992335,0.08348073513935053,0.006320091528682082,0.9051803428171777
1060,4.369952531651613e-06,0.006307374081096599,0.0055323852758781145,0.7284276415539631,0.19010400736457597,0.0021266803020662094,0.06708608130772202,0.00041145788176355047,2.280416064899133e-09
1067,4.58758042030244e-07,0.00052700110865849,0.06607287327289323,0.7794094584207254,0.0745609412619457,0.064719165472863,0.014491919100429188,0.00021758915698435907,5.93447462175089e-07
1075,2.358006664583018e-15,8.260239234363139e-08,0.021266165375084325,0.00010899039178735699,0.0004124805642177833,0.8923891095328548,0.08451278726483742,0.0005097842609757008,0.0008006000078468403
1078,1.6980620388970028e-05,0.024653042449654626,0.5991277171649902,0.3384116811287415,0.02585246474518368,0.0032462799465095976,0.008682394780162757,9.438986566552462e-06,1.778002738578981e-10
1080,7.624533132470023e-12,1.1896961022427017e-06,0.0011920462636588055,0.04922045460829205,0.020873330361399125,0.27942456032991325,0.2934945485645632,0.3110037447417872,0.04479012542665955
1082,6.33866761540736e-15,2.3927953844262805e-08,4.611981134633382e-05,1.1813078444900946e-05,0.02423145514709494,0.011072579307165051,0.14334005139088413,0.7073585524521268,0.11393940488498018
1084,0.14668471343792586,0.8283215154823607,0.021553661215781273,0.003419319383539469,2.0453387737312976e-05,3.3463101512463587e-07,2.28065138663343e-09,1.80987228476245e-10,4.0367621068235055e-19
1086,3.537378606224903e-08,0.009760091911336368,0.014908211366379145,0.6930205928880231,0.17982887659478708,0.005095341188037212,0.012356149786459754,0.08503058562630837,1.1526488285426785e-07
1096,9.475853400564443e-10,0.000645561080254076,0.15166475895539586,0.30615693703279395,0.005225149977957918,0.5351439350668299,0.001155152108503958,8.497842127707083e-06,6.98855266460717e-09
1109,1.2096466468493132e-06,0.01700333681538714,0.05794004596908938,0.7968057420599076,0.07572044665621123,0.0517054303034477,0.0007077874672381115,0.0001159912506898437,9.831388430694046e-09
1111,0.03561850284023469,0.351435451890137,0.5753336859567733,0.035120461737705784,0.0023391435205085635,0.00014715077774679213,5.594407865021111e-06,8.869018295078364e-09,8.08350962594622e-15
1117,8.159954449144301e-07,0.003003007860346644,0.710352189461456,0.15968020300934369,0.027297981211186043,0.0919296858237078,0.007504652685244241,0.00023146230277313693,1.6504938679491281e-09
1131,1.3526001269620502e-16,1.1932410424551969e-08,9.432641447055233e-05,0.0002676985768554921,0.0075394227362605825,0.028848265174258408,0.7913039483717212,0.17062798776285373,0.0013183390311633154
1133,4.157851285154565e-20,8.589777174980103e-11,2.206818136590276e-07,1.6339691238187917e-06,0.0035409209874858066,0.0001369166580840681,0.02724554310870959,0.9671618391210581,0.001912925387824804
1135,6.710166698706416e-07,0.0011498067278194633,0.0985859986934639,0.7358319211969886,0.09060587414688213,0.0008923544895160626,0.0072728372027739095,0.06565982858257978,7.079433063635307e-07
