ptid,p1,p2,p3,p4,p5,p6,p7,p8,p9
2,3.207105445495921e-06,0.03258455931436446,0.6733399204693765,0.19373070550644464,0.0952921143917928,0.0012748701166164968,0.0009250476621838248,0.0028495693725870464,6.061190389696285e-09
3,0.0001370871870936117,0.0578161594089965,0.6201500267322557,0.21210414556395155,0.10041705618074462,0.007318767424212264,0.0004801348167473516,0.0015766146744268146,8.01157143757747e-09
5,0.00012572288743531543,0.569469464681949,0.15502716086600934,0.25216104219092583,0.023117947058778385,8.589122378309636e-05,2.204056665456119e-06,1.0567032903030643e-05,1.5507667342443585e-12
6,3.877433363316719e-09,0.001809033609832999,0.09380971071442334,0.032623378228901836,0.5648190665231481,0.15235475548197533,0.13758450266897937,0.01639653468542311,0.0006030142098809096
11,6.133226022777401e-19,2.8370974628854876e-10,1.5775910935721868e-06,2.363514343469544e-06,0.000560829105940683,0.036725201235404605,0.34608760005530187,0.07180097917320287,0.544821449041
16,8.74597948697608e-10,0.00041169625203257577,0.03451214226123835,0.06979518576900577,0.3076083173517776,0.0027461106140907166,0.023587681675852092,0.561317322131461,2.1543069943166e-05
18,4.786425579250955e-07,0.0007538042164668499,0.0015741352865104876,0.0408258678356314,0.060923989152707594,0.039649108736470186,0.3611809647364265,0.49493961952678334,0.00015203186644391695
19,0.09451616820295015,0.8791166377327286,0.0214145374357685,0.004454618036931701,0.0004974548461237974,8.11174242024139e-08,6.662406568615712e-08,4.3600400471266086e-07,1.0881385969854807e-15
27,4.7543228188142964e-12,2.758153921529569e-05,0.005143587925273875,0.0182825446025557,0.1412118632710536,0.16645842617973935,0.09324585575844146,0.5744579223036423,0.0011722184153257586
32,3.4659919825821088e-15,3.5287585208141335e-08,2.3968068166107296e-06,4.283373885009799e-05,0.011072231838198004,0.0307343530447739,0.05427422845128249,0.6740599668384024,0.22981395399408847
39,2.196602454065894e-14,1.4043536294669818e-06,0.010643408793285168,0.0013693672561216413,0.11143889129330212,0.5350367607637995,0.33374029502968705,0.006887266567191299,0.0008826059429625186
49,7.674039084514972e-07,0.0027530654189359014,0.2711977746508819,0.24993282166994948,0.2681025569586586,0.005952498980859775,0.01022338930378766,0.1918365156498817,6.099631427047009e-07
52,0.02393765238217431,0.03807862625207315,0.28765356444855184,0.3676356177644288,0.06987226627620961,0.08876478468374069,0.06004883098701741,0.03441940564045476,0.029589251565349826
60,5.280025451385695e-16,1.7345911471476134e-08,4.523100620362538e-06,0.000148427743130018,0.008413620757391672,0.13379990832981326,0.3765249084965633,0.2236397144676641,0.2574688797589073
63,2.000942983107291e-06,0.013237018535839562,0.8733407319652262,0.027408246357813228,0.07150192507790248,0.004105447291304821,0.0029022811154295696,0.00750162961290858,7.191005925609081e-07
66,0.00021505234861467985,0.17353937936683553,0.17300030068809694,0.5382011086763688,0.10558680424313194,8.728227281895534e-05,0.0016354635958013952,0.00773460196065745,6.847670581859063e-09
77,1.9941327403214838e-29,2.7295480715452093e-17,2.8825578694180225e-11,2.7738903962658856e-12,2.8617209139080336e-07,2.556739868129831e-05,0.00993012821896626,0.0005210720191246423,0.9895229461595418
99,0.0045868414952903456,0.9633542215172544,0.013774893960369667,0.01528011851076801,0.0029998484719644955,2.5296462370218422e-06,1.0588228520522987e-07,1.440515820780928e-06,8.99006308912535e-15
100,0.0064004975452902485,0.847204541593562,0.12336376182931716,0.016876492472649027,0.006137366918792388,1.671298737970427e-05,1.8788330949390367e-07,4.387696250098283e-07,7.45960616310314e-14
106,4.1863486466489814e-05,0.03788747392028395,0.18775165039265218,0.441950934574064,0.29447684800439955,0.03632254728049343,0.0011797984566694353,0.0003888020108836203,8.187408786256108e-08
109,4.5062214427095277e-10,7.293249917636372e-05,0.025901083914857483,0.10721309153782232,0.2016229825230167,0.11620497066084093,0.23960887647593915,0.30551920560465723,0.0038568563330667175
110,2.1944131896749145e-32,7.007601223851977e-19,1.92594166876389e-12,1.1827929257180929e-12,1.8992543247099882e-08,6.262286513832504e-05,0.0008622272673941314,1.8928720510738704e-06,0.9990732379997654
113,1.9254622552836973e-18,1.4471180009288139e-09,4.1759553074304606e-06,4.1759201314968606e-05,0.007032203350589365,0.04284735870852454,0.6994022769182232,0.08937463005686683,0.16129759436205549
137,0.9993873603166634,0.0006075282843522239,1.370106260160441e-06,3.739142873616938e-06,2.149126241953357e-09,2.8979822464299285e-15,1.1018829640830872e-15,7.19906179005695e-13,3.20242269777143e-26
139,5.180535504937282e-05,0.17597185398902088,0.44839887913997417,0.18077982756161248,0.17010924426052507,0.0032135473173013234,0.0032725336923268055,0.018202207451636424,1.0123255408396519e-07
154,0.0001935499306616058,0.33421784588550646,0.3336445223112022,0.2775536522596747,0.054055113245356085,2.7746119854209794e-05,6.997620227349809e-06,0.00030057262526581014,2.251515081109199e-12
161,9.73594484990769e-13,1.8712779467529973e-05,0.01441945777427037,0.01568068975033599,0.14605578601670885,0.15488251842927217,0.5324326295824725,0.1282660835604226,0.008244122106076803
165,0.10160377416195854,0.2147223477291715,0.16829375091743645,0.22507240979448873,0.09941640227117925,0.0243239600930922,0.06295082932944977,0.0647881147446323,0.03882841095859202
166,2.122693395667302e-06,0.15276827680862842,0.22304309681552692,0.15228096662636567,0.2526722921713051,0.02528664520667517,0.014244638374228428,0.17969877038688964,3.1909169685747974e-06
171,0.00016833842424775642,0.22569565603878614,0.6068899791312294,0.14577539703323153,0.02108847194667318,0.0003061397438747821,3.763764363180794e-05,3.838003408519857e-05,4.24181614557147e-12
175,0.2744018040040009,0.6441205647972973,0.07662277867504053,0.0036406162589424566,0.0012136177841656625,4.82522800215337e-07,1.0709925275437375e-07,2.8858504328262657e-08,1.7982196598211466e-15
178,7.740758554649207e-07,0.011761165843510675,0.2025142690117074,0.7103276211026996,0.04913354773290761,0.004183664593928349,0.009560640460844634,0.012518311990422677,5.188121912339366e-09
191,1.1579222424737058e-05,0.012931559905536374,0.4348309878457539,0.5106792680181672,0.03874774231674534,0.00042314396797379694,0.000343942225552632,0.0020317762390086626,2.58836038350059e-10
196,7.423134402334655e-06,0.03155961106200656,0.4845363744708734,0.30074792611628787,0.14823341090346298,0.007828861300436071,0.003501631888295041,0.02358455448713304,2.0663710261884317e-07
208,2.7895896052102102e-24,3.702373126095691e-13,7.659042553838325e-07,7.43608657738604e-09,5.0826480074302825e-05,0.14225809994356237,0.04025017332628493,4.8099744652667444e-05,0.8173920271647004
219,3.914918222254024e-15,2.8257687881242036e-07,0.0007751243316170454,0.0001015158923827538,0.05675668043037017,0.6178045894752935,0.19703964891179382,0.05687227321854135,0.07064988516312579
230,0.6074995515199522,0.3895297647041972,0.0013353269601353028,0.0016301484243811638,5.203750186141586e-06,4.56110051283209e-09,6.590632275184003e-12,7.345663539094992e-11,5.592104626235469e-20
232,0.005462679824428024,0.5821865019740182,0.181827916088912,0.22111088363198492,0.009249757815417516,7.694082926760058e-05,2.0356213912336384e-05,6.496360632241687e-05,1.5736975250803395e-11
245,8.467594313696855e-18,2.0718005783439304e-08,2.6123301969254327e-05,1.6098715413099296e-05,0.021811082143053027,0.010691629726689458,0.7593820482163249,0.042314337012745964,0.1657586601657957
246,5.742310825667e-13,1.6644805347239381e-06,0.002820081305435565,0.002858586328966119,0.06624843797009859,0.09097097434241883,0.394865301667148,0.4247595115004367,0.017475442404385883
255,2.0632262751330621e-19,1.4248709779847267e-11,1.8132556315860103e-08,3.885842919286908e-07,5.0077598203716314e-05,0.010971011664870443,0.005447074854060915,0.0004931267200758727,0.9830383024316898
256,0.008900653323933012,0.6443951776586492,0.3100618308673034,0.02943670137061217,0.007171892515619072,2.38989691792831e-05,1.1446363287420702e-06,8.700657662788735e-06,7.127678377371596e-13
262,2.452466604599449e-06,0.0023724382667368207,0.04087596167289474,0.39289319667532,0.067341496426654,0.0010824016984576329,0.0023516785972042295,0.49308030515204826,6.904407965452646e-08
263,0.0028365062734836584,0.8740477864374373,0.10355586832070615,0.016766147942184718,0.002792985329176857,5.131724682925273e-07,3.883605634136432e-08,1.5368846761500957e-07,1.8585583782037993e-14
275,6.077904978865803e-05,0.13967343906202787,0.6827356868857609,0.031058386443367763,0.14251103122236156,0.000782354013254303,0.0007732605226228307,0.0024050624496494643,3.51166751894391e-10
279,3.15491238492854e-11,1.3768675474492903e-05,0.04600747034351116,0.002681174038236185,0.1498728650508484,0.44819520044679656,0.3276795804720139,0.02535566329296836,0.00019427764862818084
280,2.6972783813062828e-20,6.30564728033969e-11,9.150491403207204e-07,6.942328823936543e-07,0.00023248388369583433,0.022726875697304777,0.3681993357355721,0.006995655390768309,0.6018440399475765
286,0.011598032374058855,0.8306675533087778,0.08015146160364438,0.06906411626026382,0.00845717785108131,3.335977616579019e-06,3.742382252204567e-06,5.458023396328787e-05,8.341156170403313e-12
287,6.676529517176924e-17,2.6168812381510614e-09,4.422671536055415e-07,5.048504795503563e-07,0.0006009103994824541,0.02550468219563515,0.13949319308374059,0.022504392677766032,0.811895871908861
292,1.624529242815355e-07,0.01282493037472361,0.6750847567732637,0.1882492300952149,0.10751579907984163,0.01214994920372264,0.002719740932581372,0.0014553716657440766,5.9421983580291385e-08
294,4.063179794303131e-11,1.7149888777931417e-05,0.026136767939372384,0.004254257665324981,0.10072772635063972,0.39972624236177606,0.447594649729802,0.02028033580880458,0.001262870214867419
295,0.0358614721899059,0.07094073750569456,0.24775736339294266,0.2199630155822997,0.1254864139800377,0.04554049737857852,0.10623831145267455,0.08310104557605111,0.06511114294181525
302,0.008369434685887486,0.9753671520366073,0.011897629167815863,0.0037767781960965138,0.0005884255708261256,5.576623679705326e-07,1.910016090934747e-09,2.0770383159278153e-08,1.2720816150545085e-16
309,1.1583406480390858e-07,0.0013308278205607866,0.5011431104208284,0.001637113560542052,0.019042361320149546,0.46980584439437767,0.007035016816624016,5.535344547520679e-06,7.44883044513432e-08
310,0.00785063091290388,0.9322512369627117,0.02081620137694317,0.03738364663600319,0.001694007724655966,2.902731449806441e-06,1.0010442763301164e-07,1.2735508965698375e-06,1.1716095857538942e-15
318,6.468673055435925e-15,5.490833834330307e-07,0.001427130206396584,0.0010301992632161586,0.021019235784403664,0.71085499912095,0.2205590775549193,0.0355799381444856,0.009528870842238829
337,8.98967026080079e-20,2.9883811230673764e-11,3.2477487449904763e-07,1.6151727189380071e-07,0.0009931840806595728,0.001045576036395855,0.18017364133405844,0.6464236081117218,0.17136350411513895
346,0.0025186470070936652,0.25023184939721077,0.5410623262424468,0.12243124198145647,0.08238543416031953,0.0003878524902456837,0.0005267608214337683,0.0004558875506933259,3.490986615936677e-10
364,6.047144664730809e-09,0.0004525640057205384,0.010833339627210914,0.03975161006887555,0.367950660275135,0.034948207236946194,0.1418335366608398,0.4026505907353755,0.0015794853427564238
370,0.002064664565313058,0.9236783082751211,0.020464920996187592,0.03226817170565317,0.02151830352140956,4.010456766436208e-06,4.674351713193597e-07,1.1530443226594519e-06,6.010026621699661e-14
373,0.00034505987929531326,0.43928707824143964,0.4252686937361255,0.08339319110189551,0.05130851854243839,2.5782167747179664e-05,1.809011864404221e-05,0.00035358620863372886,3.781709445870462e-12
374,7.299471092390792e-22,3.106716990180289e-14,1.1749284534983351e-09,1.3629533617554833e-10,3.564237433047322e-07,0.0018738563202384158,0.0007015431902555036,2.767383799997783e-05,0.9973965689165054
376,2.7075420613483824e-06,0.014108833693167844,0.00899300260188634,0.735944574261222,0.20395385547162515,0.00015024301865097908,0.002121626519786753,0.0347250860644402,7.082716420723753e-08
382,1.0383003284900517e-17,9.755654599316476e-09,1.1103969887453237e-07,8.851924511015697e-06,0.0018966851195516454,2.5986588046992527e-05,0.08135378616176993,0.8968103905835256,0.019904178827253028
384,3.980388262188258e-12,2.22785723215339e-06,0.002221983230508944,0.002290668943254912,0.028793439546678276,0.4420887146908384,0.4944368543827145,0.024816454189640333,0.0053496571551473
390,0.7800572873334615,0.21072924269790655,0.001870642028362711,0.007277615206663643,6.274127372951113e-05,5.474919734739232e-10,2.2488396364449917e-10,2.4706875003010257e-06,3.417236501415552e-17
398,4.273280817546794e-12,1.0643128918589691e-06,0.00025151090172830784,0.0008414167053784491,0.01822670443387449,0.23804631646427615,0.5766416519099892,0.15689523579223305,0.009096099475357281
404,1.0657373455274234e-22,2.9895437139325535e-13,2.2109934324016385e-09,1.0871503667935401e-09,3.4568833378443605e-05,0.0004071927923075669,0.05340164168427922,0.002748517797100625,0.9434080755944949
405,1.1460258365439715e-19,3.0520283721776176e-11,6.792371490645478e-08,5.440859013937449e-08,5.061934128326731e-05,0.0012606880506998192,0.0852663459393073,0.007065741850808695,0.9063564824550755
407,1.9620302948896103e-11,8.936665655534493e-05,0.023480002739672736,0.042294353053327974,0.4683414107006073,0.2119568256663309,0.21923703974440867,0.03434052693208743,0.00026047448739064186
413,8.072892569313498e-11,2.685618970812506e-05,0.047872792564413125,0.009415106342791702,0.06717688802789834,0.15014504926441005,0.6642910044546375,0.06022256440399007,0.0008497386714219073
417,1.1368675804546869e-05,0.00929491831233128,0.2988896592141386,0.5388109846497244,0.09584301032706143,0.013664235360082185,0.01335034900654299,0.030132028385446374,3.4460688684315168e-06
422,1.0963371694693424e-16,1.1791463827620765e-08,0.0003496433495035136,4.8468119581556473e-05,0.009080757917133843,0.21835132094826257,0.7303356100082137,0.0367251050541564,0.005109082811682857
438,0.019857653238057407,0.9348647567781184,0.014940927876476195,0.02986101525004325,0.0004747219384583657,9.110212503630371e-07,8.877755075863814e-09,5.019842366922101e-09,2.7091653079550643e-17
440,2.3161080304014866e-05,0.8100104676748069,0.0553763142856367,0.06829743129052143,0.06572583151972408,0.0005210792740216515,2.1091604856259048e-05,2.4623223601641703e-05,4.6527688694514713e-11
444,0.026375021429511984,0.2959135501486318,0.5658501694515479,0.09217109517846608,0.019484924908938522,5.2252051445515234e-05,2.847265273303219e-05,0.00012451417029320352,8.431864822226142e-12
447,0.0002472210093295259,0.11611628359105093,0.6874485795170571,0.17455389687293588,0.02060082659829191,0.0008147627372170558,4.618053472685579e-05,0.00017224860718292482,5.322078422410397e-10
454,5.813841478858265e-11,8.21631170735426e-05,0.2752312397797528,0.011467691358909312,0.23662673833642858,0.4149201873136392,0.059059917669935555,0.002507565290813271,0.0001044970753099005
455,0.03756204854985734,0.032691145213768605,0.3611992824960086,0.25570044201319164,0.07446004205032615,0.0860184861253462,0.08292061465426366,0.03875990944745879,0.03068802944977922
458,2.2919403283649045e-05,0.007996044455949182,0.06942383393525846,0.6936364949909415,0.09440060536113692,0.006240091052085482,0.027046834152619343,0.10122243885328037,1.0737795445130576e-05
465,0.0007182867948977855,0.3129328765385102,0.25360453088080437,0.13344766063578462,0.23944570079091546,0.0032491819542079,0.004217539456296278,0.05238418893349717,3.401508558688502e-08
468,8.775445296606384e-21,2.7138651880762826e-11,5.408715768522081e-06,4.1593485092136163e-07,0.0007265531231622842,0.07735341920785896,0.2774228376366448,0.0015304985912492604,0.6429608667633407
472,9.173648824645842e-11,0.00013509709189587073,0.0034366371686360333,0.0059569653243454375,0.44248221857490055,0.02062561772383073,0.16288193775012405,0.3644473364414275,3.4189833127709976e-05
476,0.0008859823332900818,0.11302130763842513,0.010490873382006896,0.1531759883823543,0.6500882540160376,0.0014513282493212052,0.0389398741239956,0.0319450115390803,1.3803354830074416e-06
479,0.002078644943911062,0.26343304887390656,0.426946935314101,0.2711944037770019,0.03523969683536417,0.0009769071518020923,4.246540535719654e-05,8.789761356660153e-05,8.49895329988261e-11
481,1.3633166528545233e-09,9.595275404519154e-05,0.013059926899785112,0.0023315089609745408,0.46912172713907907,0.2559675385229485,0.20543860951813808,0.05040799806252868,0.003576736779184022
486,5.580533961501283e-16,2.207418091951529e-08,0.000626900013430024,0.00015682454859312515,0.015255470405025501,0.1637949897742063,0.7734514784484743,0.02218556887132385,0.024528745864767193
487,6.837930468748662e-10,0.00033730213534437556,0.030047689412137313,0.029609248188824076,0.8750709870215992,0.012337811177393099,0.01316055509348562,0.03943352235615573,2.8839312742721472e-06
489,2.6749223504275775e-09,3.949943538086638e-05,0.012915599281406846,0.0013303011391121906,0.009079340961807686,0.9637325541306564,0.012870971647770338,3.0008547638054484e-05,1.7221813059289136e-06
492,0.036062804601984355,0.43720544975800346,0.30018433555198826,0.19201812354285205,0.03400853444305552,1.8860564658669173e-05,6.356515790288015e-05,0.0004383262448452459,1.3471014151012183e-10
502,0.0045705602503026506,0.5667915695122232,0.077857545803029,0.28954425980986837,0.05749963525819516,0.0005258978824660959,0.0019455643768629466,0.001264964351592252,2.7554600758687766e-09
503,0.45277145539058733,0.5159648531953768,0.0263843673449093,0.004786035151489978,9.32176099394199e-05,7.08199552288016e-08,4.5728939814992696e-10,3.045207848341129e-11,2.0173627519235768e-19
505,0.8010213458787285,0.15611855374818162,0.014271418614271785,0.027989889344359593,0.0005980995692243335,1.1591361558244234e-08,1.3428147662618373e-08,6.678257249747895e-07,1.0736446165366255e-17
514,0.05156448901664222,0.03707051388615026,0.3123083459248756,0.21084728495813518,0.09128516899744178,0.07768552745574854,0.1135380559483571,0.07106531809847297,0.03463529571417656
516,0.00023028841876046,0.15839197816450395,0.18151441326937065,0.4636263005040664,0.1947624205219577,0.0004914470909638811,0.0002657869606847944,0.0007173649416674612,1.280193154495787e-10
519,7.979839795245298e-07,0.06999130661211085,0.18547451761186895,0.209991074116484,0.44517960815333624,0.07017187540938555,0.009438327825045442,0.009751347107738102,1.1451800524171615e-06
521,3.0836105482950524e-07,0.0011371950369538203,0.019452872210168892,0.00506844164600525,0.29025827591534026,0.05593625139464772,0.47564863345155856,0.1491843922139395,0.0033136297703310795
532,0.00261811794858428,0.16811483158068924,0.3830903190874805,0.3538466566306054,0.08651398806861274,0.00012899280016307008,0.0025395201115334842,0.0031475733540681865,4.182597899381472e-10
539,0.003131105109017467,0.032839873737417716,0.10214304655569992,0.23158831531385246,0.30200015481771103,0.07052315049347155,0.1228652568463721,0.10455276841767028,0.030356328708786722
541,0.09281850168917036,0.36796766584352386,0.10277554979988028,0.16499422395683344,0.10655408569549528,0.07767119448187147,0.02566677042084326,0.03703846963506967,0.024513538477311903
555,0.0006666367696242376,0.3874897809981552,0.03170509595151634,0.5189383113664578,0.05774893898964607,0.00013450842247085683,1.3477234346582897e-05,0.003303249849495077,4.1828848822439013e-10
562,1.6157801429009413e-06,0.007964066450750084,0.192231922458725,0.1759549484652903,0.5642531206264016,0.00940049912682497,0.011089509792087431,0.03910382260729753,4.946924794930482e-07
563,0.0006486093377531416,0.940719984620888,0.031970360244334826,0.020891275842256377,0.00575553455543864,1.01950366662443e-05,4.742754033250454e-07,3.5660870864597593e-06,1.7302723816709728e-13
564,1.3243134005766681e-08,0.000402137028837248,0.004142959362842741,0.26453644475767907,0.31413409519940394,0.14843481351257515,0.033869356115379695,0.23431147620829937,0.00016870457184987064
567,0.0003585322788189843,0.2856396772818514,0.6834052625191197,0.022119842932516034,0.0083833938925248,9.209538803262668e-05,4.66515388743096e-07,7.291917143037735e-07,3.269423487279034e-14
570,2.2912389641540437e-10,9.211057918598965e-05,0.09529304930180835,0.024941252499081443,0.06136778754507098,0.2955767024487143,0.4754405161992058,0.04714566299764171,0.00014291820016689376
572,0.015768613637630085,0.9590150252010896,0.01394654217708287,0.009635061920930006,0.0016311102248965123,3.509808269176183e-08,6.744419564322827e-09,3.6049958664202404e-06,1.0567621979497503e-15
580,0.003940684026889227,0.4440932855744077,0.024561079749594556,0.47089299961260017,0.04202703926404062,0.0008202421908363237,0.0001327735906287353,0.013531895124841075,8.661614840552628e-10
601,2.8830258391974537e-15,9.345384211588629e-08,9.731359621046901e-05,2.0065202317472666e-05,0.012483661063459363,0.0035820149234229866,0.661863307524531,0.11642171929518656,0.20553182494103017
609,1.95902436489468e-06,0.0065931757215677055,0.373980665696204,0.40027182863425215,0.16474451468732798,0.028700505979304406,0.01962438540814655,0.006082461036274323,5.038125586890992e-07
614,1.338356941440509e-17,9.141378150607749e-10,3.823939070308829e-07,5.295149382066841e-07,0.002462190817670128,0.003744756038893877,0.12766544586376918,0.19207661633457035,0.6740500781221118
628,0.04331666412765032,0.044450414418968416,0.22528322728830938,0.30272306067033944,0.10871027826318574,0.07271867500271992,0.09823374889697799,0.05248574939819393,0.0520781819336548
631,0.0068928128462777995,0.9374953257440831,0.018745898101094987,0.03296148766993876,0.0038060631276856435,1.1246902002200435e-07,1.3564197711642218e-07,9.816439949864007e-05,4.2464573964528093e-13
662,3.1199556532677607e-16,8.714950619018887e-09,0.00013797012197544175,1.573742432645079e-05,0.0042724607527616235,0.9088441756558524,0.07622844430215957,0.0008137375577344545,0.009687465470231096
663,2.207284128662203e-10,6.891356922749303e-05,0.011074707454224432,0.07236503633212023,0.04714216647464568,0.02675711178560254,0.043594962500449135,0.7987707391303923,0.0002263625326101886
667,0.008941796251401922,0.907178465948308,0.04515794173724306,0.03678289972543104,0.0019207364493801793,1.7585435440167202e-05,3.159269098748562e-07,2.585258739273238e-07,1.3415582305419313e-14
670,6.695009357231412e-07,0.03887404599530887,0.3077873857090938,0.04596435799471008,0.593586108286619,0.0023118332088455157,0.005807113392868103,0.005667530885051616,9.5502656736499e-07
671,0.04888483922229065,0.021960180872330783,0.15820131525543843,0.13884848307307227,0.36736605771761305,0.04847016673021758,0.10913928860204034,0.06109353796009427,0.04603613056690247
688,2.1824824804108566e-27,4.3557371214070083e-17,1.8406274149707567e-12,3.1201146914365454e-14,8.068672169528584e-09,8.735452988590528e-06,0.00013820099733880526,2.79975170299938e-05,0.9998250579621034
690,1.5057220724196557e-15,7.282933304567844e-08,0.0001103069437513845,0.0003121127153615355,0.02560693246477789,0.028597981449664488,0.43968466573985465,0.4820552654947656,0.023632662362491275
702,4.773307922673207e-07,0.004634350197985447,0.7720984492425168,0.08339862209678402,0.08429714658649991,0.007118749332655146,0.008785963746485466,0.0396602786565295,5.9628097516600235e-06
703,0.04097708898904232,0.2578478300298017,0.10502526953937807,0.5857638789604184,0.010256830100296052,0.00010655558498946924,8.47789356925366e-06,1.406885486304782e-05,4.76423862921006e-11
712,0.035687250813276915,0.06871462038662814,0.04137315520116092,0.390834466301947,0.08131465740665011,0.0785651180634898,0.09035063412380068,0.12144653084825602,0.09171356685479072
714,0.0004315600862426393,0.7895929645714712,0.0968373229234416,0.06301681703343011,0.04858043263370456,0.0003044237666520941,5.928160047410182e-05,0.0011771960927834883,1.2917998097662772e-09
716,2.810253812449598e-07,0.006230418149142522,0.17243738637189596,0.22521526424620722,0.4756019830716415,0.040091743949569714,0.026786116103459302,0.05363524589741292,1.5611852885062891e-06
718,9.17291215719026e-13,1.3769366789140722e-06,0.0034893319546781816,0.0022603756690290702,0.22851049955373826,0.3900635540383425,0.24133727396042307,0.1203671118990509,0.01397047598714255
728,0.00018822085426874462,0.22568156715176724,0.22211229058511645,0.43951130104150576,0.11154960953575592,0.00047553506532064426,9.548471790623149e-05,0.00038599080932600336,2.390335881386545e-10
732,9.067200871884513e-12,9.536946225204015e-06,0.0005893350841735136,0.0015669844837458693,0.06961584349490874,0.00022944042913061025,0.03827079710304571,0.8866821599658217,0.003035902483881608
734,7.341468457076244e-19,9.156996944071644e-11,1.4299704965761279e-06,2.318433537044525e-06,0.009234266435861923,0.004859072494462136,0.5330866706331385,0.13710814262740634,0.31570809931352295
741,0.08476747042497917,0.43377377198991823,0.419169990172386,0.03763866122559026,0.024534819321778492,6.881920329436418e-05,1.0642798850055993e-05,3.58248624115711e-05,7.919617700212518e-13
754,3.866823318394369e-21,3.4759939493525714e-11,6.718079782637169e-08,8.666713163280211e-07,0.0004125037436045442,0.000372810249341827,0.04975187374748623,0.7292014215700284,0.22026045680265555
764,7.37168067130671e-08,0.021791487110632612,0.5418284468038538,0.17798601182424,0.2316962034666158,0.010066573234564927,0.009305363887363801,0.0073257311650397365,1.0879088332986497e-07
765,2.297174967124909e-07,0.008247889641443448,0.3966151413528473,0.20662179730848904,0.2909093630958585,0.004888790862359834,0.0138410961702275,0.0788591167076062,1.6575143672043866e-05
766,0.08180297599282131,0.7703283581452849,0.055780106874847114,0.08484437267198551,0.007237544863882091,6.000852946179664e-06,4.5196503815636296e-07,1.8863314632557338e-07,4.91422307561903e-14
769,1.1426338167980486e-05,0.023660689575534313,0.4612056944994329,0.262466307795507,0.23497082031483277,0.00485514740566174,0.006999766705684392,0.005830045945414308,1.0141976443661029e-07
770,1.0451915669012155e-16,6.345946405469115e-10,0.00047769997296665895,1.0031730207380025e-05,0.0018841597812976954,0.7150632016787055,0.2724489845009529,0.0011685773196051955,0.008947344381669373
771,5.8343626980616175e-12,2.7163271431411877e-06,0.005446567327661542,0.0088535265853253,0.0378892861617463,0.5209476665139837,0.36971907228359935,0.04806755733313774,0.009073607461566737
778,1.1539061320601528e-05,0.27244004301133296,0.5108036224025829,0.13595287313093185,0.0801342283009142,0.0004026039006117777,8.384711235335133e-05,0.00017124300988519906,7.006789942656344e-11
787,2.761869695205629e-06,0.005605581978905633,0.34329166587501614,0.03733165392155853,0.41419352440553575,0.02598379063245329,0.16211930619289286,0.011469796366696853,1.918757246323982e-06
795,1.558935857274512e-19,1.0365676708522287e-09,5.801113508824683e-06,9.676799393789941e-06,0.005731389510906373,0.16088572272161925,0.4570756787233254,0.027856489621066054,0.3484352404736128
809,2.5791972505806875e-06,0.022402747827478146,0.7369253453517001,0.04468418343131645,0.1719447953568463,0.005780913003940757,0.010464050631256544,0.007794969452495163,4.1574771616082776e-07
815,3.4672392126791826e-08,0.0008786331845482484,0.0018758325088870183,0.14503380087509155,0.583223197517491,0.004789889418202157,0.08799628909320008,0.17604855990444132,0.00015376282574457596
818,5.054623239832882e-08,0.002946856658035349,0.8805257901590833,0.016206330009353016,0.0770860549327897,0.017746975235989674,0.005139793169737035,0.00034808261253656866,6.667624384221824e-08
819,6.773843811246022e-09,0.00021668954340336,0.018185590972626002,0.0044788001155387286,0.42534257486029886,0.028674282804019555,0.27791620533317213,0.20896820727075677,0.03621764232634159
825,2.0147863232500137e-11,2.8238543825786534e-05,0.08489951913097976,0.17704167966968282,0.25379414591895766,0.17708682946488233,0.2582904937325488,0.0487197352302924,0.00013935828868328777
828,0.011248474876310524,0.08491509617898689,0.5883673428339792,0.25542484787288594,0.05920033369147472,0.0005969038186563666,2.039396146127627e-05,0.0002266067631556398,3.0989113792644583e-12
847,0.00020191082409078953,0.7330638537946303,0.1302850472639933,0.0812644524344949,0.054774278712938794,0.00017458871691206884,4.2932782826471914e-05,0.00019293542746497955,4.2648500669830384e-11
859,3.368070925268789e-05,0.056921809136416625,0.36209528048980594,0.5096393862195631,0.06924739547865663,0.001022531129748843,0.00015405534354375348,0.0008858608930079133,6.000050873567985e-10
860,0.019650394687608496,0.5784552066751114,0.019711298562068536,0.20353755366382362,0.17792636253337568,3.0072229035786026e-05,1.1370319844230834e-05,0.0006777412944597424,3.467583429667534e-11
870,2.0380725006108802e-20,2.8159437180126205e-11,7.608373167475354e-07,2.403591987657642e-07,0.0008409185228105825,0.03014467258500866,0.6789300045340317,0.006973120501393281,0.28311028263208216
872,0.018087766201316576,0.47511771518557294,0.47681345813401416,0.017159489074844592,0.012757464946161593,5.9440675376745455e-05,3.3382383958993848e-06,1.327543450973258e-06,8.667149863221834e-13
875,5.9789410241263065e-05,0.37144660392945567,0.11349918833294091,0.1057647055505511,0.384043474827928,0.002765249334435381,0.001570484470346618,0.020850057988589066,4.461555119465562e-07
877,2.0060765515752552e-13,1.498032318049437e-05,0.009510928435241657,0.015213053173672376,0.4439256018090453,0.26143862131877477,0.23049498173442695,0.03900314476486595,0.00039868844058716974
878,2.896042416433292e-09,0.0004404511853616966,0.07001178449490594,0.17507251535643628,0.5259184199993044,0.013003827483932851,0.1479858354174401,0.06756297440563647,4.188760938109049e-06
879,8.68663951025126e-09,0.0007580968718391021,0.001696382763452507,0.010550806651312177,0.46775480348980664,0.38109561699100036,0.049003974776395676,0.08901672806682209,0.00012358170273395617
883,1.3341272251069884e-08,0.00100115751174587,0.007087550473497746,0.22745363219694345,0.45702127899968337,0.16229757131203462,0.052913172268788396,0.09222189852726603,3.7253687666141878e-06
887,8.575213610018664e-14,2.7489584964162918e-06,0.0031585729235992606,0.0044851624757476834,0.1368969644682984,0.07987425605047965,0.40414038130603275,0.36901042058491196,0.0024314932323345555
895,3.7729716423074776e-14,2.3211463410989204e-08,0.0005845846392318239,7.478237373466644e-05,0.01133728231317561,0.19714569068204227,0.38322325540435964,0.03178189545561285,0.3758524859203428
900,5.868620433571791e-12,3.067189157575854e-06,0.006964953231300642,0.002219228900436867,0.03988645689197869,0.25483644195770067,0.6856525352176502,0.009783303247016427,0.0006540133588911874
911,8.494167654220366e-10,0.0012301460515267819,0.014420366363028146,0.050230292180394015,0.5061439836908341,0.022963524377266217,0.05893848001091565,0.34602402520711895,4.9181269498375936e-05
917,5.4929303021399275e-05,0.10108528038048764,0.607590509908635,0.19113092992582562,0.09518608866536883,0.00014102100470142506,0.00010656886091571185,0.004704671866246348,8.479679334912904e-11
919,1.0020938342617938e-18,1.750472246782706e-10,4.053284732390945e-08,6.04531868787754e-06,0.0003640542797175846,7.830501784502171e-05,0.09098348528470453,0.8694624034797449,0.039105665911410806
923,7.1107511248010825e-09,0.0002586170141167208,0.003055017114743841,0.06087583165412049,0.1179062207316489,0.009337812272495607,0.025509536294630583,0.7829013282627203,0.00015562954477330257
924,4.329456484296475e-06,0.03886543740046275,0.6801204677120773,0.06042186530860071,0.16871983086733483,0.019988891627550437,0.010924290900982979,0.020953317189814056,1.5695366926510036e-06
929,0.46612207690604013,0.39082140902996193,0.1079410280456054,0.03436686774317325,0.0007480054548921664,1.1882122941272046e-07,3.087235433601713e-07,1.8527555522545714e-07,4.0341017024745354e-16
943,0.4211961987505313,0.5578395474420564,0.01166787360457433,0.008910591532852159,0.0003829396032037266,3.3193531023700345e-08,2.404293857533994e-06,4.115793922699668e-07,8.495946790397303e-16
944,3.7274302987043e-10,0.0004917729159570647,0.023965721403681164,0.020486807838827913,0.28454048909656454,0.2721716679432751,0.06802356326075057,0.3300145649279564,0.00030541224024421295
945,7.956778113685645e-06,0.12639863663967946,0.06323482748701424,0.3231636028611318,0.44986381694473515,0.0005596792176455613,0.006562819563836356,0.03020734842848293,1.312079361159197e-06
947,1.5028145204669908e-10,0.0001288353969081227,0.032934691119455246,0.09088247377341037,0.2924073476201895,0.21482845400793035,0.17736415493330818,0.18691657867445421,0.004537464324060848
951,0.959004077473497,0.0409703786927774,2.0616808036076686e-05,4.626407629048205e-06,3.0041327806886834e-07,1.294161374378145e-13,6.99552995125344e-13,2.0395405047419434e-10,4.7211729263385245e-20
952,2.0431212402737842e-07,0.11367318697098985,0.10620467374268189,0.01906193146778366,0.7170894499993128,0.022905099295739927,0.016820482493302924,0.004244592152650148,3.795654179071527e-07
954,1.6927489926401095e-06,0.021851971813567104,0.06946309253608794,0.49129222760185237,0.38212219501918726,0.029326356785744842,0.0037485551276072865,0.0021937220178697646,1.8634909133417738e-07
956,2.104136211987808e-08,0.0032096663239476447,0.05707237463580088,0.05302215723550051,0.4410127744812629,0.40669554476791847,0.021939326702904723,0.017046764569454694,1.370241848553552e-06
958,0.015929881189901435,0.8261696037209988,0.07766136701772938,0.06881548176471919,0.011395262204102617,2.490839941641982e-05,7.083541231171817e-07,2.7873489515695668e-06,5.81644460758988e-14
970,1.535544826817981e-19,1.0222847514355856e-09,2.3177694645798554e-07,6.081461566875133e-07,0.002368003321065902,0.05680942495079903,0.3061110013832911,0.02288094049157406,0.6118297889078785
977,0.05734092374740319,0.5350063929108609,0.3502319816596542,0.05283006620933924,0.004576080605261934,9.666043609068781e-06,1.505110012614212e-06,3.3837132061338915e-06,6.535057632678736e-13
989,1.5038002244445753e-15,5.760661445223941e-09,5.530764807602427e-05,7.607578719686229e-06,0.0009057085766171611,0.9746895056167025,0.022757883076214586,0.0009003301674104885,0.0006836515756024452
1011,1.1428475574574056e-23,1.1584380562031893e-12,4.3434974424776346e-08,3.1257830443579375e-08,4.9909989541280126e-05,0.022883366936338034,0.1335842267131882,0.0008552849158166768,0.8426271367511543
1013,4.251685327800009e-06,0.008857661179596259,0.06465606917537865,0.4955941794611479,0.2569451263849124,0.03667530779596062,0.09312117078352322,0.044146050393621024,1.8314053795707282e-07
1015,0.5246173547580438,0.21200970734874633,0.18403915652893937,0.07491858185898895,0.004370916228883925,1.5304750835940383e-05,1.3178741915821823e-06,2.7660650755385972e-05,6.177366647148957e-13
1018,0.032818543438220334,0.7899899427167005,0.03299111213937092,0.12445858583888306,0.018982332484739153,2.3528413082074364e-05,7.173879191662969e-06,0.0007287810818892265,7.917844052618443e-12
1021,0.0273126445962585,0.031191438061162046,0.07690871909131239,0.2595553797857558,0.1383769952530399,0.15440105862986245,0.23508090305312107,0.010135641854387435,0.0670372196750997
1025,0.013720270128060336,0.3435534284067576,0.027942383587937675,0.5660618142001265,0.03898087685025582,1.4043617187572063e-05,7.228273949441141e-06,0.009719954925688935,1.0036228228351643e-11
1030,1.0830997990608665e-07,0.005274959148349735,0.0029534430212830565,0.17917306770286473,0.03998446552009359,0.0001521068833411431,0.0005870349663080085,0.7718745298862327,2.845615487538679e-07
1031,7.93601976090027e-14,6.3648826312659624e-06,7.640463691237897e-05,0.0010946560467185245,0.07711913602492393,0.020054206969780167,0.01885928634972336,0.882493328996203,0.00029661609302670107
1036,3.366020397114026e-08,0.0006652828517570188,0.0027229202526875673,0.014483520389533435,0.24782966420555155,0.1527842540941052,0.051473702609957914,0.5291587204392536,0.0008819014969474015
1038,4.57960116447722e-08,0.000490397573030306,0.05800475767681357,0.026132636257791518,0.5299838361680572,0.12130219245159313,0.06993407490544959,0.193277607095999,0.0008744520752537303
1041,0.9997866331299717,0.0002132011451310706,1.8841773422471343e-09,1.638304210382613e-07,1.0298820918944551e-11,2.9250329931667755e-19,3.1849136890424926e-20,5.011405983446819e-16,4.109554969835674e-31
1048,0.925252276242533,0.07235350517546815,0.0007991360373970918,0.0015833889892515245,1.1628513315314507e-05,2.1252934577084457e-09,3.279807540855616e-08,3.0118666510491656e-08,5.586025883669234e-18
1051,2.9272697502363775e-25,3.192855916487226e-16,6.06237650468426e-10,1.6890409452048045e-10,2.9179344137985e-06,0.00010874513367818816,0.017890731351146966,0.0013834817139229216,0.980614123091696
1060,4.356191683745452e-05,0.010629784156347853,0.013264113005492422,0.4693581697440485,0.28425569532744926,0.011568844753908868,0.043413888320852724,0.1674652737385841,6.69036476839617e-07
1067,5.887749317694722e-07,0.0017341361758129107,0.2546886133985873,0.5931567443729563,0.06465559201825326,0.07074810422390192,0.011189829014861036,0.0038258951928775613,4.968278154634236e-07
1075,2.395709456391583e-14,1.580081766183724e-07,0.010943212665175728,0.00043178262593908726,0.011004266896770774,0.7168639082025705,0.25717898370502534,0.0030098807042368866,0.0005678071920808077
1078,6.774320790448689e-05,0.06172734833247633,0.6995146879870218,0.15146192616079626,0.07695089966847485,0.003688578341886309,0.0045200033780701315,0.0020687243111970166,8.861217217234848e-08
1080,0.04435396212803623,0.047620709545723845,0.044272252715837325,0.205332561349758,0.11899312738446746,0.06958300202677845,0.08297714555234048,0.13343908130020513,0.25342815799685314
1082,6.4991887523166865e-15,3.4527065255456195e-07,0.000343205304862762,5.860703713156858e-05,0.02938539133447772,0.16125765394109412,0.33556868089671293,0.2585738701349748,0.21481224608008426
1084,0.01604876601038035,0.9345326950828421,0.028841442642399417,0.019954967282498022,0.000621816891372262,2.6680846507650527e-07,6.317531240263146e-09,3.896451066033431e-08,1.2784203982567885e-16
1086,1.209755005745977e-07,0.0286645160174912,0.04122623585987299,0.45396777615449196,0.39256722932735955,0.012246659710197035,0.04001963516303204,0.031307650685323686,1.7610673447822248e-07
1096,9.472347722129193e-09,0.00825254478424646,0.23017696020517217,0.20772066974850625,0.27045905516209795,0.20768189947262022,0.06466282268531709,0.01103272203839506,1.3316431284257096e-05
1109,1.436346241799919e-05,0.012968287846517617,0.0379540918480554,0.22098127773329987,0.4594861136457619,0.25761289436774837,0.006329929018753788,0.004652299443367969,7.426340784468538e-07
1111,0.011680072874276472,0.42718135177643135,0.3690034991807229,0.1743770619778561,0.017585752064167823,3.177088635225403e-05,8.457011687565432e-05,5.592111146486979e-05,1.1851342461084371e-11
1117,1.8896916213699476e-05,0.013898886924716155,0.8833193500093699,0.09349961814378807,0.006801160484090955,0.002392446995999065,6.593497778821087e-05,3.7055141751409897e-06,3.38566723483041e-11
1131,5.350600604579057e-13,2.4899728492463802e-06,0.0027959748394637295,0.001438403210636847,0.0618671086685251,0.03339965168512403,0.6425332905253751,0.23734990511180207,0.020613175985689635
1133,9.973823273008544e-14,2.903961147816832e-06,0.0009898072943778017,0.0004397544918680508,0.22259364789864367,0.21056683308895027,0.30362478294074474,0.2506915845240847,0.011090685800083778
1135,2.23298925268447e-07,0.003007512675442557,0.22920318295947198,0.3513906642832697,0.36579063581345767,0.0009717583994795964,0.006276169520861452,0.04335750114976392,2.351899330417925e-06
1137,0.06259724894723591,0.35446461147923614,0.025177752316635296,0.2928243176551152,0.05139626740556741,0.07139824146945094,0.029125120757368818,0.06882092170526274,0.044195518264127674
1143,2.7333058583279988e-22,1.4222946876318716e-11,4.2471083187837894e-08,6.241959607799046e-08,0.0001611672722574822,0.00228754581980222,0.0858592570144737,0.007039361075420105,0.9046525639131431
