9.228588050699279653e-04 4.091805448960584290e-01 4.812946032451037581e-01 9.268967604059329124e-02 2.751555599083875211e-04 1.684448087073827326e-04 1.546871593506975000e-02 7.094893087083619452e-10
7.019876211167873359e-02 1.609109615693888329e-01 2.960802618829215804e-01 1.610480658306603363e-01 9.543879286222632652e-02 1.458000845497570142e-01 4.947462688098916428e-02 2.104844431237883062e-02
6.496574756512311748e-03 6.750773973191209754e-01 1.011392867688979125e-01 2.134942606008697064e-01 1.220660338626001302e-03 5.896428881268563359e-05 2.512855775501630830e-03 1.516586890014103774e-10
1.921001020792272483e-06 3.809865584144903061e-02 8.661478710140616682e-03 5.041316365240633424e-01 3.026927830843279543e-01 9.478627134569393708e-02 5.097219824912560537e-02 6.550552441789952562e-04
1.485081088356894898e-16 1.376484866170925615e-08 2.913126747974637765e-07 1.382359973356401335e-04 6.365264529159759231e-03 1.152518649366439246e-01 5.268812975091441420e-02 8.255561997084227555e-01
7.404561285257155253e-06 2.250199676957688466e-02 7.120521648925930147e-02 2.647074912160981008e-01 6.710309313543172133e-04 2.584807209746221423e-03 6.383212574993081256e-01 7.953233716399486414e-07
1.925141924863728003e-06 1.595127212842204281e-02 2.788428785625722828e-01 5.268587442783569802e-02 4.004640200781813333e-03 3.442308305578277716e-01 3.042720545233164042e-01 1.052445732324349664e-05
6.153733527903550993e-01 3.412873946080442478e-01 3.899317172252277780e-02 4.282344250540411762e-03 5.238830161891438718e-09 6.948376226229779327e-08 6.366190594063517161e-05 4.189167382034976227e-15
1.218120167390736988e-09 8.851100025843422871e-04 3.239706402901177951e-01 6.251607715775632512e-02 5.370669163013283010e-01 6.107763886511139578e-02 1.435854749671927437e-02 1.250686682813513344e-04
3.406942094242044649e-14 3.943155490892782789e-07 4.241471866119420821e-06 8.408075158846872385e-03 1.349682306237161462e-02 9.120373144552833267e-02 8.408088411748135815e-01 4.607789337099046229e-02
2.412889176500541638e-13 1.239142577574866327e-05 9.185646175887638101e-06 6.490598363648977451e-03 3.398146263876612033e-02 9.224162058605350767e-01 3.111052832325767598e-02 5.979627741599387314e-03
4.630827205720990141e-05 7.005773222268350808e-02 6.253409357002738256e-01 2.670129505562059413e-01 6.678423853365818503e-04 1.815728124999135135e-03 3.505848768645429547e-02 1.505199078566448528e-08
8.173245124050897148e-02 2.018894970002097500e-01 4.250722668179796049e-01 1.264723743923985844e-01 6.702823820942244160e-02 5.912184359106779225e-02 2.635949616527176118e-02 1.232383258314033794e-02
8.439467687283917369e-10 2.354496380857959404e-05 4.283265970191854638e-05 2.276519338412188315e-03 5.170798049548654962e-01 2.641384725523281407e-01 1.393767117247760867e-01 7.706211296216053386e-02
4.180072228241473961e-04 4.043074003458120291e-01 6.163113225496131414e-02 5.080742594036706805e-01 8.887637794930136354e-04 3.866953098215609921e-03 2.081339824670801544e-02 8.564831540756798626e-08
3.530705738406343316e-03 1.097052304882221579e-01 8.501120745388452971e-01 3.622836012340886758e-02 2.445749641677918281e-06 1.844676106377727220e-05 4.027366003058929951e-04 1.075191543235288649e-13
7.439006928850065773e-20 1.050033036423677063e-10 3.847729024553112374e-09 1.336263473513847006e-06 9.255168921244501939e-04 7.153440603490805738e-02 8.868854929395899884e-04 9.266518513638209997e-01
5.407188350920709707e-01 2.812968992190434947e-01 1.679043179487415827e-01 1.004916019069148833e-02 1.457291012939069866e-06 1.881096490041203444e-07 2.914214877754024127e-05 1.298277738293773891e-14
1.454088719118146189e-01 8.005459172805605705e-01 4.399597254203563290e-02 1.000729339325513202e-02 3.716020439758218284e-05 9.468347718289001532e-08 4.689983915521352359e-06 5.441330266970636712e-13
7.717667441819563157e-02 2.604632887341189473e-01 9.263282117618154565e-02 3.057869949810094745e-01 5.778861362347682135e-02 1.655836189971289785e-01 2.612890122673023480e-02 1.443908684315928746e-02
1.293562196480009411e-07 8.459840402522877598e-03 4.583102783418665366e-02 1.597377273461063063e-01 2.201188922133686110e-01 4.180850517593854287e-01 1.459625798024128396e-01 1.804751285796965792e-03
4.990510413867835815e-25 7.322585661390462843e-14 3.054504169874650839e-13 1.016648319466069971e-08 5.055895729893507337e-06 8.210062722658574216e-04 9.419001655284456234e-06 9.991645086634868278e-01
9.345426307005301816e-03 1.802037484629420427e-01 2.172476547409732742e-02 4.130976907638642115e-01 1.040955402517203532e-01 1.825772312975552092e-01 8.288772447257837517e-02 6.067872970237532006e-03
9.996801901503037380e-01 1.693628151049627153e-04 1.503603604130881988e-04 8.667047601501782870e-08 4.391558472469385837e-14 7.694648695653237322e-16 3.657084883179056066e-12 2.034434537770861748e-26
1.991323492303872543e-05 6.220686250154488367e-02 7.221691739864468662e-01 2.064094579419748221e-01 5.381134255839511993e-03 8.699141807163189230e-04 2.943542689576100161e-03 1.208976778349207670e-09
6.435415944628128382e-02 6.318820950880932319e-01 1.462047149251207157e-01 1.562485301967554141e-01 1.588574933338601867e-04 3.800026652941885532e-04 7.716398798099462133e-04 3.053121556601522064e-10
3.024099770001694086e-08 3.005247728521752773e-02 1.264160726003360144e-02 1.095663487637798528e-01 7.188621941893981460e-02 4.240336774721800706e-01 3.469234090571665652e-01 4.896230501684755917e-03
9.447050287604134844e-02 5.037604120334089330e-01 1.164055810611595160e-01 1.561297657124369465e-01 6.242478403036226878e-03 3.218932943926795798e-02 8.316974893377879208e-02 7.632181540871570656e-03
3.296923097573134818e-05 1.063442546241974568e-01 2.680881458940849171e-01 3.006241601727640544e-01 1.672763976204007935e-02 2.926723513564164609e-04 3.078901548085595241e-01 3.156019222780900843e-09
2.444716346995753735e-03 1.165030630675723405e-01 6.994441687752306347e-01 1.707738121071897541e-01 3.990716492878327616e-03 3.836516651258788427e-04 6.459869835678383292e-03 1.709328617480020718e-09
3.059784453120175350e-03 1.425190293453633961e-01 1.351917949931397134e-01 5.874182066977602368e-01 1.810238063689908854e-04 2.557063953447655507e-03 1.290728864561583311e-01 2.102946436734290119e-07
2.352050922718208420e-05 6.479685178068843310e-02 6.955805061446819204e-01 1.348331666364376291e-01 2.681841520176737100e-04 4.386497400178710621e-02 6.063271877123060233e-02 7.800393056320172159e-08
8.593701715106142301e-04 1.214681722484169668e-01 6.877322163145226375e-01 1.735778117364473461e-01 4.082826147327783990e-03 2.399146669984845385e-03 9.880439763719627011e-03 1.694807000818032634e-08
4.364820086290505281e-03 1.864838022378438320e-01 1.654081439918280716e-01 1.651841305387554137e-01 7.463731430956095647e-02 2.922725403329445304e-01 1.204777562699935536e-02 9.960147287577668374e-02
2.596140371607613748e-28 8.201380317338040647e-16 2.378202716704269111e-12 8.454472267719940174e-10 4.615245417357514675e-05 5.150858258517627139e-04 1.629607189828991529e-06 9.994371312649567018e-01
3.226326750978742389e-14 6.569880288891451405e-06 1.318876333990298688e-02 1.378435355471546546e-02 5.554473274670475025e-01 2.964298357523698635e-01 5.673086470017629085e-02 6.441228530546523612e-02
1.849885519756073737e-01 4.688776602110119596e-01 4.002302938383247438e-02 2.134541527069708511e-01 3.090109276136441055e-02 1.705152038869713407e-02 3.898524150949694150e-02 5.718751063019418893e-03
1.483203488105672985e-01 6.213782765410722497e-01 1.789624547916403019e-01 5.113309944010008962e-02 6.265706568925451193e-05 2.040805444795413257e-05 1.227552939582731144e-04 2.524721619211368161e-12
2.363977725348447904e-12 1.220897882406700684e-05 3.456139058025158028e-03 3.469048470046180027e-02 7.999974084768320115e-02 3.692412168571328202e-02 7.585160360052035644e-01 8.640126872172416983e-02
6.908263163789020220e-10 6.599140959873417162e-04 2.580293500606429136e-03 9.903785561110262092e-02 2.478381123516020246e-01 5.609732579148264398e-01 7.560019780713854443e-02 1.331036802791018582e-02
8.525009710423168812e-18 1.430832675101355097e-10 2.378182717276542027e-09 3.308450582043530985e-07 8.521689740657122482e-04 6.588123044480961865e-03 3.367750906109500991e-04 9.922225995245177455e-01
8.601602417087919616e-02 3.281159537834958395e-01 1.662959652587443771e-01 1.346265330414496142e-01 1.017809358444934503e-01 8.254234524166151332e-02 8.977492274593699972e-02 1.084731991334069931e-02
3.303001205746498685e-03 3.042808093326827001e-01 4.809324328238712698e-01 1.941599707369383587e-01 1.477960618580987382e-03 2.472434322022718737e-04 1.559858114486434126e-02 7.051149137427843515e-10
1.922173409879628439e-02 8.945842334052699352e-01 8.227112158845761164e-03 7.738265523264432899e-02 8.196657935198527114e-05 3.478547339802601529e-06 4.988198809339672215e-04 9.681802404336745561e-11
1.701887810042729959e-03 7.362824738048968642e-01 1.246390025046802408e-01 1.331897480674056333e-01 2.039306052489070985e-04 1.468497187775134232e-04 3.836107054249551958e-03 4.346950736384173260e-10
4.364766982521746127e-10 5.156445374887021552e-03 9.045156670913828342e-03 1.147307096819178973e-01 2.059366081813910343e-01 3.667780101420221595e-01 2.956634856762578312e-01 2.689583836132959909e-03
1.238354034364242757e-15 6.535642132314116182e-08 1.609634493705977279e-06 4.591560872909390776e-04 2.421387248589819755e-02 2.393577325851029280e-01 4.357325626227239769e-03 7.316102382245642799e-01
4.839105822175886196e-02 7.208623279568289188e-01 1.808260701238889046e-01 4.960681874821844944e-02 2.401708396234973486e-06 2.354482494739807356e-06 3.089687564512000328e-04 1.962434904260232339e-12
4.464676470914565229e-14 8.789399584239015171e-07 3.381700530359857471e-06 1.934222658027639737e-04 3.498735078506397776e-03 8.328726874188610019e-01 3.261418599460305656e-02 1.308167086016934488e-01
5.486950942289126508e-06 1.227292554573019417e-01 1.240283521512820925e-01 7.024871753732300217e-01 3.843223144391144652e-03 3.873951410559222513e-02 8.166966788432827168e-03 2.602882739949091889e-08
3.502815263309136104e-11 7.112663660059718443e-04 5.751954196087968440e-04 5.057382553733476283e-02 4.426976537781537185e-02 8.810750524041338627e-01 2.213995319322742406e-02 6.549416668456225880e-04
1.418296609408109255e-01 1.478921530434857134e-01 3.646134405972971670e-01 1.495878665551444164e-01 4.642506958510756593e-02 6.626414742001006386e-02 7.855385198737159513e-02 4.833809870772702751e-03
6.370649189841610660e-01 3.036483745279113244e-01 4.958008500561622567e-02 9.696084087573331178e-03 4.648454526637187150e-07 5.855103583627085821e-08 1.001399823623065737e-05 1.355249071552034066e-14
4.509718723160410311e-09 4.667840583411076425e-04 1.336741728518196955e-02 7.431794612402232471e-03 9.944882301172983108e-02 7.335638571147221620e-01 1.204769992704262382e-01 2.524432013747793246e-02
7.128374512318295941e-02 5.508755340720191684e-01 1.822714674154091441e-01 1.884175022018843293e-01 1.299545796954584614e-04 7.299090100931149466e-06 7.014497476793534088e-03 4.091642544045040235e-11
9.374771194696095632e-12 5.942274407527090165e-05 5.557724707709907168e-04 4.854891104658005420e-03 8.738218568067570580e-01 7.781215448048414696e-02 4.076313286141419051e-02 2.132769522465614680e-03
1.277547555920934735e-12 3.600444670010396395e-06 5.885614232633832368e-05 2.533335038399179943e-03 6.463352363089597263e-02 6.392546967231853561e-01 2.574942710405550006e-01 3.602171697869060996e-02
1.320781635380909383e-02 3.924558214312062754e-01 5.047425439119449520e-01 8.705860396372104570e-02 4.693185531534966046e-06 3.423869519896440418e-04 2.188134178394960262e-03 2.340597229299997558e-11
7.073731798036007845e-11 1.345895069215417660e-05 1.480239512521162502e-04 5.288184377537150441e-03 2.484366380800019126e-04 7.102374474492493747e-03 9.871159283575752230e-01 8.359317963231825417e-05
7.065924181780625091e-02 7.956504787562137526e-01 1.041484318961533595e-01 2.941924909169966323e-02 9.806230781561576046e-06 1.330699617555902864e-06 1.114615071669296915e-04 5.598951943906207080e-13
7.904917272212015622e-02 4.007648990875208872e-01 4.651909015432373340e-01 5.384795721985317224e-02 6.942873241664534480e-05 1.087139874719980958e-05 1.066769292806385222e-03 3.298446431912951844e-12
3.487984280100570538e-21 1.002265423110740195e-12 1.980481366275746545e-10 9.070976163713807991e-09 1.700792060682081066e-04 7.684216188107101733e-04 8.040539172867227290e-05 9.989810845133684225e-01
3.157677373175637753e-04 7.154755213158953131e-02 1.286993274116198516e-01 6.953936200457919714e-01 2.470215703374290233e-03 6.192883442122940757e-02 3.964281559376660324e-02 1.866955311307671874e-06
7.130015760354682257e-06 4.076103227400124096e-02 5.529975798825417233e-01 2.153229786706342685e-01 6.129090015417688192e-02 1.557374182624162232e-02 1.140462493493649282e-01 3.878272790156566385e-07
3.594337813266302336e-09 2.206367438119197048e-03 5.629055172283222407e-03 1.602125690037471337e-02 6.206006708218737566e-01 4.689632026694387501e-02 1.412587846329866614e-01 1.673875411730832430e-01
9.496498073000537721e-01 3.639968857711448069e-02 1.365735112804325468e-02 2.908424146222077472e-04 6.813123069833622100e-09 1.772955503563639879e-10 2.303589747636381390e-06 1.533835957955052298e-17
4.070020373067051261e-10 2.896208106358125401e-05 4.226278006310786074e-03 4.989829515771884716e-03 1.379163492166546601e-01 2.790849307729022510e-01 5.486067156354238472e-01 2.514693436487061909e-02
5.001030722603983017e-18 2.773012454564144885e-09 2.333599193265028161e-08 1.234625130765702856e-05 7.361208070624269181e-04 1.365388526238515109e-02 2.518240850606280438e-03 9.830793807196368528e-01
9.599730382114482516e-17 1.529461518012335817e-08 2.892796718448455687e-07 4.023522038496852459e-05 9.258343722608555065e-03 8.296517704941715893e-03 3.022962818865271989e-02 9.521749705891257021e-01
3.196786770848405203e-08 9.600987363396514332e-03 1.765820938657880132e-02 3.588663284453804669e-01 3.244527202095711660e-01 2.682698075991035713e-01 2.112263581413515931e-02 2.927921396647095034e-05
8.839455852734506404e-09 2.060980700086565125e-03 8.766048620503475233e-03 1.631189999841258231e-01 3.436859745221798601e-01 4.301385480679891238e-01 5.102905783972207926e-02 1.200381425937456894e-03
1.111397891396137701e-04 2.102105840497457412e-01 5.552314470917737443e-01 1.729028860639264531e-01 2.680790447062723209e-02 5.637132485390355940e-03 2.909877972903128843e-02 1.263203655641627040e-07
6.621559406087167568e-13 7.269678173483955194e-06 8.193321349420982212e-05 2.224041917954141905e-03 2.630803107078691916e-01 3.439555472553655346e-01 4.557568898735333239e-03 3.860933283277464545e-01
1.443663772744963741e-02 4.897053935543327907e-01 4.877647278149437327e-01 7.934289130057954609e-03 1.576918314813611718e-04 5.946512975604884122e-07 6.652904314807228806e-07 5.825612564562696480e-15
1.692937161991371967e-02 6.263714190643419055e-01 1.993896593300019116e-01 1.547044912383970239e-01 2.653440236535856947e-04 2.320354086011072780e-05 2.316511162219373181e-03 2.061078534520199682e-11
4.970657600004828314e-02 3.153017101660253729e-01 5.976605992622058272e-01 3.720304977434395893e-02 4.563124259129890044e-05 6.038484739044685742e-06 7.639506949179364294e-05 5.543871016134198900e-13
8.601602417087919616e-02 3.281159537834958395e-01 1.662959652587443771e-01 1.346265330414496142e-01 1.017809358444934503e-01 8.254234524166151332e-02 8.977492274593699972e-02 1.084731991334069931e-02
6.760893711139752718e-10 1.605837540856084027e-03 1.304379460013651605e-02 1.720198821565511738e-01 6.067728054665946086e-02 7.155713300577687397e-01 3.700609654559930406e-02 7.577787633926220056e-05
1.407016222155958451e-01 1.769350944586341456e-01 2.977869642661443161e-01 1.372792116936806806e-01 6.014312480694858354e-02 1.351980002319816687e-01 4.131701993915385535e-02 1.063896238785961949e-02
3.542398811680584495e-04 4.335224560347906292e-02 4.075325074788284097e-01 2.797244875398914865e-01 3.630649538914130364e-02 1.494471279252656548e-01 8.324079585673355153e-02 4.210032549211944992e-05
9.826728301628125106e-03 4.087575390750345372e-01 3.678018056854474027e-01 1.799490459486302318e-01 5.773265983538279330e-04 4.677918916445426584e-04 3.261976126179868402e-02 1.237464259137285506e-09
7.871293472380198563e-19 8.645756895034155173e-10 1.056611489331031445e-07 5.876713601311118264e-05 4.324301403242145764e-02 6.603641358258768856e-02 5.675640694455830757e-04 8.900941346538183696e-01
1.975906898496862155e-06 5.324024107103544901e-03 2.373020087423748092e-02 9.046993640253510049e-01 1.557829388312779659e-02 3.394519783264307502e-03 4.618820819797248706e-02 1.083413222026463922e-03
1.076854425737862228e-04 2.928176971434506837e-02 8.698638105401983456e-01 7.728563133950717978e-02 4.119791121350323054e-05 1.627143217370081085e-03 2.179275577464580976e-02 6.060145164545455852e-09
1.418296609408109255e-01 1.478921530434857134e-01 3.646134405972971670e-01 1.495878665551444164e-01 4.642506958510756593e-02 6.626414742001006386e-02 7.855385198737159513e-02 4.833809870772702751e-03
7.325388450826136704e-09 7.008304109458772047e-04 4.616151166120795700e-03 1.214498482836174759e-01 4.614136335293740343e-01 4.045574417435642278e-01 6.912096679356454290e-03 3.499908616328139275e-04
2.608078508213519652e-12 5.973508817417160096e-05 2.381591254377039466e-04 1.319920235283506167e-02 8.054040784153304600e-02 7.778873976849310923e-01 1.090417964913763527e-01 1.903330141310564938e-02
2.311446234554848935e-11 9.061307464814540697e-06 1.370186920945730500e-03 9.243993981841019947e-02 1.861313735449882274e-03 3.241399949710389167e-02 8.716327066312076211e-01 2.727920663031456992e-04
5.868046943602287954e-12 3.568065714461796133e-05 1.352445786274494398e-05 9.865746723663734730e-03 2.814493794279434580e-01 4.033852172311364614e-01 1.947270375723771652e-01 1.105234139240037494e-01
1.956149584539344094e-02 3.785181960731689443e-01 4.733593977791032414e-01 1.281386040523173619e-01 1.630561720493188484e-04 5.834451226735412319e-06 2.534154118938152780e-04 2.148473919368518237e-10
2.325385161129958893e-03 5.266158580317070736e-01 4.540462817547423202e-01 1.645915117368839178e-02 1.495286630930076794e-05 1.155246416102386126e-04 4.228459680860021308e-04 4.027261503401996133e-10
2.835788695555412353e-01 6.290382778802692254e-01 8.015140390256079994e-02 7.221154035546554009e-03 9.990011376000955282e-06 6.354050745152634245e-08 2.410741985339108688e-07 1.660904839427168847e-16
8.238072855818288076e-01 6.346553755451977974e-02 1.117803339532983248e-01 9.465997553972777239e-04 2.278602572356213348e-08 1.097396304034784177e-09 2.192715327528219486e-07 1.005626283016107220e-18
8.601602417087919616e-02 3.281159537834958395e-01 1.662959652587443771e-01 1.346265330414496142e-01 1.017809358444934503e-01 8.254234524166151332e-02 8.977492274593699972e-02 1.084731991334069931e-02
1.244230236909207518e-02 3.795812724875217703e-01 3.324720124578404712e-01 2.751298430449947152e-01 9.995609877859366551e-05 1.277678954147481918e-04 1.468456412993098198e-04 5.058460696891002728e-12
3.724795457981470456e-06 6.333769703612422697e-02 8.228399513398590437e-02 4.961177751860684215e-01 1.379499523991786769e-01 5.148916684538008132e-02 1.687207052719935929e-01 9.698333181199661024e-05
1.121642439771039231e-05 2.580393042460308109e-02 2.104067672205394562e-02 1.169929697503725302e-01 5.780223451431614617e-02 9.394705194931558812e-02 6.835439395381824879e-01 8.579806767585970197e-04
7.232563934158902155e-03 1.359769286624712969e-01 5.344154785508692385e-01 2.860912758936968170e-01 3.414239125071616703e-04 1.047614964728089092e-02 2.546584026020073596e-02 3.391388149331194903e-07
9.345426307005301816e-03 1.802037484629420427e-01 2.172476547409732742e-02 4.130976907638642115e-01 1.040955402517203532e-01 1.825772312975552092e-01 8.288772447257837517e-02 6.067872970237532006e-03
1.804753009791427998e-01 5.526440034044024507e-01 6.321593842336270530e-02 4.418847599332796638e-02 1.508106983147500767e-02 1.680708870138697408e-02 5.111521382207187547e-02 7.647290884482939310e-02
1.003061969155564191e-02 4.586854820124514620e-01 7.210932410414809535e-02 4.319640287412759294e-01 1.702772809145853151e-03 3.561817572740328796e-05 2.547215084787312137e-02 3.617822628607633918e-09
1.210088670816778867e-03 5.802741870224189524e-01 1.621876986339005067e-01 2.244487590628780060e-01 3.020964971712523928e-02 1.246657085727856861e-03 4.229541277604142438e-04 5.679371797120720109e-09
2.840923807914127672e-02 8.468570769358273465e-01 9.889934911732502221e-02 2.569723199609014533e-02 4.993640792937494212e-05 1.870943375859767304e-06 8.529651561945715619e-05 4.691509871781058552e-12
4.509208534324415417e-07 3.364824181915401780e-03 2.661254368478577995e-03 9.522931149013320884e-02 2.617168340482545208e-01 2.388431133764142011e-01 3.955752917597209484e-01 2.608919854233302492e-03
9.093201699276080158e-03 3.816817694175782538e-01 3.786657030593441609e-01 2.152538426752378664e-01 1.956062141297733445e-04 7.541260124517120073e-04 1.435575026075497709e-02 6.612265464986222603e-10
4.528222009892091355e-09 1.194157114595279928e-01 4.184147694102696019e-02 4.399686526165443867e-01 2.380754074603323722e-01 1.039698295459077632e-01 5.665482499986916609e-02 7.409244856671344482e-05
5.862658046267464895e-01 3.759267265590782725e-01 5.118906078452677838e-03 3.268441964923409632e-02 4.261495848982546483e-09 2.009236213708535581e-08 4.118732631339681756e-06 2.519120828828145793e-16
9.527852386930418110e-03 3.598553404019451119e-01 2.861080967631831062e-01 2.882825059531941014e-01 1.558549704461081181e-02 1.737879117828195288e-04 4.046691414200281195e-02 5.396350389202684085e-09
3.575915186170492173e-12 4.095387249160003097e-05 6.572447473373861735e-04 1.144618940497812640e-02 2.728744185619520757e-02 7.794701392972768206e-01 5.945212180219072717e-02 1.216459090159546924e-01
1.612728403992393927e-05 3.810601471452649408e-02 2.819484071759412180e-01 3.367789871891021525e-01 2.274884652383565020e-01 8.982339763093043217e-02 2.581003986538098899e-02 2.856090172254275553e-05
2.445139567279581661e-14 9.827689177899331267e-07 1.434876593270159848e-05 1.673816620298927086e-03 8.633614291727272072e-03 3.383395956843613939e-01 1.963432878648085356e-01 4.549943540039287360e-01
8.557466438308500289e-02 2.369891922873922363e-01 3.785815146431368294e-01 1.269428493317718010e-01 5.863749618184426610e-02 8.463425294892518158e-02 1.501806129993878310e-02 1.362196892390660392e-02
1.845173734876230376e-01 7.699817821811157925e-01 3.374840279617136868e-02 1.168724786162185503e-02 2.980326238745482768e-06 2.785378627965579675e-07 6.193480910435731864e-05 2.622354126551659651e-13
3.894979855320364266e-17 1.102594707144275264e-09 1.120659207205094721e-07 3.284006793645818023e-05 2.556190075102611047e-03 1.083732175284728497e-02 4.264291947487425238e-01 5.601443401868557714e-01
9.613697015399963542e-08 6.504735708050560228e-03 1.151523299965969728e-02 1.018334445853009279e-01 1.751973669371844483e-02 1.558204891252405397e-02 8.470142522418736553e-01 3.045272190239278938e-05
2.665111254820624054e-01 4.245285800349926641e-01 2.953429752345113624e-01 1.350847755420152112e-02 9.098677018444238543e-05 3.685362739928537684e-07 1.748638773761798155e-05 3.583785138175938120e-14
1.274368473116062651e-05 2.862272912319335227e-01 1.295036836691323100e-02 6.490744407927488968e-01 2.780526359287225496e-02 1.312284617456845916e-02 1.080694462431144344e-02 1.015319215015911964e-07
1.425316866747048869e-02 3.437175921922001193e-02 7.760623990737236522e-02 2.609629577969268532e-01 4.075542864953453082e-01 1.498388500145185487e-01 4.352093909688781181e-02 1.189179880225854809e-02
1.064957037803627672e-25 1.986109269288525143e-15 1.782724439933934562e-12 1.240403780549788430e-08 4.217514138494554268e-07 5.655756822012838043e-05 5.225524141744778024e-05 9.998907530331214710e-01
1.175347460949520608e-12 1.241821675621467941e-06 4.023661499103869769e-03 3.416616379029218525e-02 1.885288102525301338e-02 2.924604635777929840e-01 6.500753593045337508e-01 4.202289801743555012e-04
3.790194773805138331e-05 5.404738464927838493e-02 4.046044480077892191e-01 3.218251746141835845e-01 3.944727663576226562e-02 4.525792810213689205e-02 1.346933297390681961e-01 8.655630404342768509e-05
8.673650939259451575e-02 1.968801199738685337e-01 3.050428006096460587e-01 1.583314017940707363e-01 1.194123061212374604e-01 5.680426637294978820e-02 5.633924670794347028e-02 2.045334902768858668e-02
3.440630298507368900e-02 8.057135164851750297e-02 6.651242839836737919e-02 1.161280808917716928e-01 1.451799144550534604e-01 3.969519467909482513e-02 4.965721955340826610e-01 2.093453140803864382e-02
8.288521573157615202e-03 7.524314391665363200e-01 1.587873396109337198e-01 7.894459476379642182e-02 8.435943103518222857e-04 4.102300538396729619e-05 6.634870313731189859e-04 5.384670013367630346e-10
4.829805830599431753e-06 2.844266926354033914e-02 2.517532833643973955e-01 4.960580221947917257e-01 1.209483006685142109e-01 1.393487217475702575e-02 8.885796134150593384e-02 6.118666212534741170e-08
2.136459937685693899e-12 4.234320074523857722e-06 1.100742992308575193e-03 9.586380384249675035e-02 3.095626914280825634e-02 3.997516955737023814e-01 4.705797400021896615e-01 1.743514124283381808e-03
1.069239954555553564e-03 3.702222765593026627e-02 5.823753551772233861e-01 3.771944660477513089e-01 6.435397181187319524e-04 1.730787154527820189e-04 1.522092721091419061e-03 9.876965012402852744e-12
2.000878496081576413e-05 1.365322503438994861e-01 1.708579100301177434e-01 5.186717545629616621e-01 5.623794301664026760e-03 1.168496606212766041e-02 1.566070557925536566e-01 2.260121714846851644e-06
3.504184069200858160e-14 1.029085296170228047e-06 5.530693126700699294e-05 3.311692353702323788e-02 5.287042671814964206e-02 1.817107773328716924e-01 6.059761391150465526e-01 1.262693972803130282e-01
2.879613015551164487e-02 3.324192944114444104e-01 6.224843891649796124e-01 1.625741657347123253e-02 2.507520686440357688e-05 2.406661711867856291e-06 1.528782592109853946e-05 9.562116787208336910e-14
2.560013981646988564e-15 1.083068023230070326e-08 8.102871641369344375e-07 8.812632404575489956e-05 5.555924291939410778e-05 2.205837905312994784e-02 9.768956835320722343e-01 9.014307299918586759e-04
3.693975173679090621e-06 9.545837726044065219e-02 7.660905220039330166e-01 1.188486124171100333e-01 5.413504743867362211e-03 4.954954489491816350e-04 1.368977485522889642e-02 1.929529705678470210e-08
8.962120563455723771e-04 2.129361741563841337e-01 5.009385768368816994e-01 2.560161958125570791e-01 7.018692777832568307e-03 4.756937499979910916e-03 1.743589662201742996e-02 1.314238001369141984e-06
2.863666497482632994e-02 8.008416245801731614e-01 1.433921266365490998e-01 2.690546653101176175e-02 1.916342024408917836e-04 5.868623784078971323e-06 2.661445082614839850e-05 3.884389781398526222e-13
5.031210803846861542e-05 1.455673819184876427e-01 5.867550148283827705e-01 2.517354507999829405e-01 7.142950839334030570e-03 7.546390054510535451e-04 7.994246889141576329e-03 3.611182194068277707e-09
7.659233518342625104e-15 1.281538931162491002e-06 1.222129811101452558e-05 5.957590091371111653e-04 5.989950510199718026e-02 1.907674414086326861e-02 9.837986894182767280e-04 9.194306902215312327e-01
5.360848502527798944e-08 1.668363027558052592e-03 3.889023899182486588e-02 1.820229307822406745e-02 3.704987102832436006e-03 6.124946075146459057e-01 3.235688799330836973e-01 1.470576743345058815e-03
5.274000618905648561e-04 3.991234442593550868e-01 2.354808397209603721e-01 3.243286094847632195e-01 3.310108355626072401e-04 1.090605038707997444e-03 3.911805488318611385e-02 3.571557366434239290e-08
4.042762114590495198e-05 6.191898185085195627e-02 5.208357296215905263e-01 3.811264382536372342e-01 1.514592055819597056e-02 1.478237531012723330e-02 6.149993958051546382e-03 1.328264004819341617e-07
5.019931879409216502e-18 1.127021448888428395e-08 1.193368755922908605e-06 6.419592552663642504e-04 3.808483785212743999e-01 4.904597497636601355e-01 5.080064614982914006e-03 1.229686432058436085e-01
8.348500961059147484e-05 1.916831322252494363e-01 1.726194803736383065e-01 6.053474208317362049e-01 1.716446362167705145e-02 4.437230796041440571e-03 8.664483189045429218e-03 3.039530017588073180e-07
7.088149190533848953e-07 2.796170694284461685e-03 1.401280234445789231e-02 2.340073522710593990e-01 8.168651858265892074e-02 5.389269023414321458e-01 1.281729822429840959e-01 3.965627082045040898e-04
5.659676470267383506e-05 4.704397751549042050e-01 2.548644044094658945e-01 2.497228945582746495e-01 2.220767077931511731e-03 5.635010183784016843e-03 1.706035279657304796e-02 1.990543640941651032e-07
6.164352832046454048e-08 3.387970896005063678e-03 2.256304947832891983e-02 2.802412828747546381e-01 8.217506938571551844e-02 9.933433246203512632e-03 5.973898272738580317e-01 4.309305201606787074e-03
1.517712091875337894e-07 6.246048593501645103e-03 2.193823372830047691e-02 1.758030219283072959e-01 1.401646293080675287e-01 6.055864111913986658e-01 4.475231234513414591e-02 5.509191134081170733e-03
5.831023520702078959e-03 2.865381662267924012e-01 4.031754717349116945e-01 2.997695151059368568e-01 2.379325066902034970e-03 1.557118988132612865e-04 2.150786124806314172e-03 3.211359538015442937e-10
4.235105984248400957e-03 6.139004367932098249e-01 1.839188443711415322e-01 1.955561086822164840e-01 2.231826389585254993e-05 1.960104014006207112e-04 2.171175449890720179e-03 5.399667153763251940e-11
1.840561776676564532e-03 1.848896588005734809e-01 4.371245416622658864e-01 3.484895485274365767e-01 6.081279367166972372e-04 1.729289457230076890e-03 2.531826523831006218e-02 6.600786030039172594e-09
5.923813409074839276e-02 4.913892395338394503e-01 2.518011664812168093e-01 1.970263599374124930e-01 1.884805704041647766e-05 9.538947057777763625e-06 5.167129524030255943e-04 2.819936868272903698e-13
3.430104517559862393e-14 2.690936796324672392e-06 4.455448898772592167e-06 5.232852569022780577e-04 2.865460206538308213e-02 1.637670908026223060e-01 5.283717696578853033e-03 8.017641577927835383e-01
8.166530363775341417e-03 3.368972831919966882e-01 5.039637990737882989e-01 1.466389464541178189e-01 1.136214387936486728e-03 1.115741922362786662e-04 3.085651180357856706e-03 1.155791680491950403e-09
1.823127072009928656e-02 1.078145581601017144e-01 9.585151248165016402e-03 1.785021114515253915e-01 3.363273439317240876e-01 2.172860417035090974e-01 1.141502136056474354e-01 1.810330917922879645e-02
8.799615896633947516e-10 3.062271708210560165e-03 6.610360644496251527e-03 2.290611937140149823e-01 1.474465444798635505e-01 5.136407184213009902e-01 1.000756443492392678e-01 1.032658029086803595e-04
9.132315764566655101e-07 3.524709806303790577e-02 1.540827205491903107e-01 2.748720622381934930e-01 1.047496890565553646e-01 1.238219962128802309e-01 3.067478382048675067e-01 4.776824437019530525e-04
6.240283449591745465e-06 5.176462561839149934e-02 1.652306267307147858e-02 3.014490597114679038e-01 3.667946114747611119e-01 1.597329679947251391e-02 2.474854562972790828e-01 3.647142104969043426e-06
3.505942311761930308e-06 8.831297542477528281e-03 2.594489836332307744e-02 9.923461212802289766e-02 7.876095672242706680e-01 1.126941757243568945e-02 6.710170064884565799e-02 5.000578316323408760e-06
7.273085142581388760e-10 3.656151761745068561e-04 3.457640768970226576e-03 5.592980999082310806e-02 1.790654062773483837e-02 6.370259149125661047e-01 2.840125515402530665e-01 1.301926256168646316e-03
9.513012153158148217e-12 3.244197320853902191e-05 3.791110584001773903e-04 1.982851228585473871e-02 2.309741731172051393e-01 6.474760278649795142e-02 2.795198357717567084e-01 4.045183229975634620e-01
5.044850026543474060e-11 1.819875279010690406e-04 6.532563156002570365e-04 2.491932169533351768e-02 3.866820861033742340e-01 4.680012217812186681e-01 9.695144588762949489e-02 2.261068063849399137e-02
2.645724645494093303e-04 4.760447349674679085e-01 2.590843419517991908e-01 2.175916199528094563e-01 3.724216933543206959e-02 2.660824724015811282e-03 7.111442638246015004e-03 2.939656800777204384e-07
2.232126771089554262e-02 3.143055599838157632e-01 5.985468828296161004e-01 6.333735820932641369e-02 1.700766820487596633e-04 5.227002853314656147e-05 1.266584528187249649e-03 2.757716487484392700e-11
7.284925480300219036e-08 1.569031579089225081e-02 1.257355210904513021e-01 4.354858346323590701e-01 5.824235440915102174e-02 4.042883926449333115e-02 3.243922930942516047e-01 2.476886914777662178e-05
3.209101177524945113e-05 1.056384903392868502e-01 4.080188983998932206e-02 2.360456600683862316e-01 1.279534607165095650e-01 1.433994952416069515e-02 4.751813584832081938e-01 7.100016683933188325e-06
2.998244338145166591e-05 1.838538852977711635e-01 6.081892158896006206e-01 1.375094754406664399e-01 3.875691429422638973e-02 2.513410867603834038e-03 2.914687666500050123e-02 2.391017496259250105e-07
5.572771792334757501e-01 2.815718656678190546e-01 1.576642473384918808e-01 3.485748775186146061e-03 2.494942714175159757e-09 7.323742730825842052e-08 8.832526569663150625e-07 1.662446392445905376e-16
2.909284462753747857e-01 4.334426744267685927e-01 2.551475632228487056e-01 2.037435052202686211e-02 7.680191439184013551e-09 3.507233297821396266e-06 1.034506394518291820e-04 3.999766451581991833e-14
3.195863081786241800e-06 4.288194085356369922e-02 7.708435708409237808e-02 4.019657479305505654e-01 2.480199817127046180e-02 4.921846427210050529e-02 4.039462859510197790e-01 9.800987432012200147e-05
2.498737881500266884e-03 7.961110003505662558e-01 1.274695653761545311e-01 5.798416137955168109e-02 2.502988630436769782e-04 1.061214485170538071e-03 1.462405048337967785e-02 9.711806333870390643e-07
3.463982192428698542e-09 7.708553324748117653e-05 6.638039064370453504e-04 1.125200123213817606e-02 5.836266163292993525e-01 2.445194013985694907e-03 3.969382619237222243e-01 4.997033597188550030e-03
9.947407453339472960e-01 5.198130498810184588e-03 5.214871306815776635e-05 8.967539034585973203e-06 2.260819374425955735e-12 1.234795250711794606e-13 7.912755511625243575e-09 1.806986178267940457e-20
4.484009428679330242e-06 3.108398352452411764e-02 1.176931970722539834e-02 3.318117988741594027e-01 3.993922422177694220e-01 1.260756494323179858e-03 2.246652157550196593e-01 1.219941755144318910e-05
2.328349750322388677e-05 3.393231285268874520e-02 6.857692814848689866e-02 3.417442938572866629e-01 4.125235174548605444e-02 4.363256214491877394e-01 7.777807489101348781e-02 3.671335583476026464e-04
2.109179280437917172e-06 3.743666395737996894e-02 7.546350607751406425e-02 3.516764315296012633e-01 2.069708916686511802e-01 1.284551084831530576e-01 1.999514850822552703e-01 4.380402216518370625e-05
1.100475958833269097e-01 4.293235126179735239e-01 3.559864363588675640e-01 1.037026230800078136e-01 3.534063177651688981e-04 1.801227148400636694e-05 5.684134669677872809e-04 3.607212476430718073e-12
3.215051570749456912e-13 1.058765338111985395e-05 6.444064360560309066e-06 9.913549789842872328e-03 5.371382089830146755e-01 4.335982221797194391e-01 9.860335091547621500e-03 9.472652237812748469e-03
9.159215391610971146e-02 5.438618335927749570e-01 3.568385690546037048e-01 7.654505273758179136e-03 4.943164632571643883e-05 6.173186111367705842e-07 2.889197790165208735e-06 2.668530150555476849e-14
2.946054893412460859e-14 1.512613186120439092e-06 1.492388320286352659e-05 5.210071068322223026e-03 4.067013412394877014e-01 4.156383653738002226e-01 1.547035043588322889e-01 1.773028146314152564e-02
5.313617444477667148e-19 3.756241818820447052e-10 9.952611029636071075e-08 3.376460332180207828e-06 3.531780566273178077e-03 1.037744607606354563e-01 1.865083053067094357e-04 8.925037740057173430e-01
2.404099596972097155e-06 7.318358335480245648e-03 7.889263263940353710e-01 1.055726101883532608e-01 8.768800664808366983e-04 1.060333623731095527e-02 8.670008052361326267e-02 4.155133615899273514e-09
4.436792074034921762e-02 3.152474880783220912e-01 6.283748311682606502e-01 1.199739821082254979e-02 5.045568943793157542e-06 3.022833356993757868e-07 7.013949944342492477e-06 2.178466153404210887e-14
3.678743174185744591e-01 1.761992481394008409e-02 4.618015498937039776e-01 1.443176375387827948e-01 1.736017514470569435e-05 2.895559596648502545e-07 8.368920591350928473e-03 1.254568909718839120e-11
2.599208079508269313e-03 7.753577273065241637e-02 1.628618159322445247e-02 2.548782771853080331e-01 7.325891663440474433e-02 5.295368998234838420e-01 6.343756022122440039e-03 3.956098793129426971e-02
9.486566699490275867e-02 6.450315057366543536e-01 1.808978560678424843e-02 2.323711130055149954e-01 6.093592489270570995e-04 8.980047215916176520e-06 9.023589357124656499e-03 2.876311279641717765e-12
1.928784271794994074e-03 7.836873747488899700e-02 6.914972419424026961e-01 1.200408442754459931e-01 4.071636869823677934e-04 2.367643725009706260e-05 1.077332535314244749e-01 2.983798075549279613e-07
7.273441401861317774e-09 3.662780858724067794e-04 7.895794812005494561e-04 4.271382948792810247e-02 1.228554026546231637e-01 2.583133874103502297e-03 8.302910856788283667e-01 4.006834640032638025e-04
2.258077986534872567e-07 8.813740469689353846e-03 7.884186173948687371e-02 2.207052692897730484e-01 2.581087788085001389e-01 1.610528749765763601e-01 2.722240554478608243e-01 2.531934603148697444e-04
1.517414579599470701e-07 3.115603191078355171e-03 1.877964414003906526e-02 2.904490225524711255e-01 3.660273100021185777e-01 3.068755134653002870e-01 1.464445185819172358e-02 1.083030493432031850e-04
9.999947473624040128e-01 5.007580159284307296e-06 2.449249794097007916e-07 1.324564880949303127e-10 3.281887351641699984e-18 1.127785724530548338e-20 1.771484938736351959e-15 1.639767602381168045e-31
8.426364263162341439e-01 1.272651535167388381e-01 2.941585520466629897e-02 6.821057237419313104e-04 2.131353607599587458e-09 4.807637618774087625e-08 4.090308907238366138e-07 8.512805601243696142e-18
2.439370516936023362e-16 4.477625352351611927e-08 4.568933529050398851e-06 3.707468648345872220e-04 6.840368942841697220e-02 7.726599501046769181e-01 2.727617951112532805e-03 1.558333819411760190e-01
3.719484593877984881e-03 1.367884549146461959e-01 5.054424899010966366e-01 3.096173893437702551e-01 7.110733822330954357e-03 1.960785335410678010e-02 1.771339370665836466e-02 2.003635125727480452e-07
3.756844180610797932e-06 1.614513547146305752e-02 1.841098638745971017e-01 4.214593847379168312e-01 2.088528913317441726e-01 9.213797344115427779e-02 7.728522935187615017e-02 5.764947068253272719e-06
3.419315581333935748e-14 4.701202265805626318e-07 4.489376953990648712e-05 4.854015738370174508e-04 5.947586294406233265e-02 7.645176441431192904e-01 5.290915332666433664e-03 1.701848121165143723e-01
4.555416516899691410e-04 3.001301744180759346e-01 5.936801365473971526e-01 9.783504159539976874e-02 3.851205501946152517e-03 6.087907134905934338e-04 3.439102625428589431e-03 6.946571766090300805e-09
6.765118957086759324e-03 3.851552819852587239e-01 1.193052505884619439e-02 1.500716965740691300e-01 1.084985905915521603e-01 1.997781741858371263e-01 5.707062716169268579e-02 8.072998548565868404e-02
8.600388085271729745e-14 4.471124753206105735e-06 1.767627764674044267e-03 1.557241369144841611e-02 2.222370584246874670e-01 5.216174578986856325e-01 2.043919533065003680e-01 3.440901778916607978e-02
1.554957650653323309e-01 6.696910186818927357e-01 1.402942948661944356e-01 3.431724191925003553e-02 6.934399161761763487e-07 7.629196163007534889e-07 2.002231072355282614e-04 5.621548809910249906e-13
1.390204742547878371e-06 1.627442782558832096e-02 1.009901018357707916e-02 7.367488731123567058e-01 2.789040755920243076e-03 4.633934611089927068e-03 2.294531579514967334e-01 1.653552286761831929e-07
1.946662482169963453e-07 6.511518123395580726e-02 5.071972951617446240e-02 5.441882529747192887e-01 9.867158545737864106e-02 5.148097444634435957e-03 2.359426782299782199e-01 2.142804769146726179e-04
1.437357955565650089e-02 4.874813682171153656e-02 4.876361885470021154e-03 2.399121341274839947e-01 2.210698456433531911e-01 5.614912282493828011e-02 4.137739643698797321e-01 1.096854771506914315e-03
