1.628774517593464767e-03 4.615155834408067315e-01 3.781017587435628879e-01 1.370359366454943495e-01 7.840103821670206877e-03 1.199439261740595404e-03 1.267839795200925365e-02 5.617122380506232456e-09
8.838898775903968053e-02 2.955567380730890203e-01 1.810311933698494358e-01 1.536981044249159101e-01 9.647772488585663886e-02 1.274439733968357191e-01 4.380340709875141930e-02 1.359987099166139364e-02
1.787247532254830542e-03 4.164286941765018568e-01 3.203464071742943009e-01 2.448036041291823950e-01 9.976529201776404218e-03 5.865510885267634367e-04 6.070960718174100296e-03 5.979289230864439330e-09
3.977758616798251228e-07 1.151314777119592965e-02 2.269187888961760394e-02 1.790866307324170958e-01 4.470042877629635814e-01 2.770027394341597615e-01 5.957870961342435351e-02 3.122208020358547328e-03
1.711868337187901285e-16 2.070917320275535448e-08 1.072287247967557577e-06 1.915236229671484099e-04 1.721023131455510363e-02 2.944689380211443219e-01 2.057031118951269111e-02 6.675579028553996208e-01
4.110615881261776788e-06 2.070618400636138612e-02 4.729547980247834904e-02 3.677850053635387528e-01 3.422103363063241054e-03 6.415630386626774290e-03 5.543626370798486747e-01 8.849382208376303040e-06
4.166113049884204694e-07 6.343978792086350620e-03 2.194658603704348690e-02 9.666113440332986528e-02 1.586530833757179848e-01 5.631640176838689227e-01 1.530756727578790888e-01 1.551103387715616630e-04
5.486526772970130583e-01 3.891572945941952355e-01 5.267056993985276547e-02 9.506867468508001934e-03 5.513378296017774146e-08 1.211554552168051616e-06 1.132401205718070551e-05 3.881242463357306781e-14
1.014978835659583672e-08 4.976451041440883502e-03 3.876238547368101098e-03 2.391110506657389279e-01 5.341661906538965887e-01 1.442673169000880939e-01 7.194608855602882547e-02 1.656653485656595136e-03
2.214805682983684293e-13 1.713338454882604855e-06 2.648099954253528888e-05 1.129455406388447068e-02 7.716958206794990310e-03 9.258255278806189204e-02 6.290716007631895756e-01 2.593061398398500694e-01
3.912179683375701435e-11 1.204698508006980291e-04 5.598721892559399083e-04 1.750110724281160948e-02 7.896960414292454600e-02 7.651823298795658035e-01 1.273519719365876213e-01 1.031464471893133068e-02
1.138500205305727415e-04 9.807999337719740252e-02 2.831715042629175394e-01 4.866333104042973590e-01 2.881737632008344197e-03 2.504119934708289030e-02 1.040781590189189670e-01 2.459370466789908968e-07
7.946453979799550371e-02 2.836340164219766646e-01 2.201744102224508504e-01 1.227393928272039331e-01 1.067305690968692738e-01 1.010221084095184602e-01 5.957020884769573948e-02 2.666475437628955392e-02
1.378033600173943796e-08 7.461830621484035917e-04 5.648532612161667223e-03 2.358298963314757468e-02 4.097649089289052138e-01 3.653102036135463249e-01 1.682428193281162998e-01 2.670434904163839981e-02
3.593219710229609968e-04 4.307272035418521772e-01 2.104109644748160257e-01 2.882326703966850423e-01 4.382708817779822075e-02 1.256162144187832584e-02 1.387867219030790300e-02 2.457805639285460075e-06
6.412965068439738237e-02 4.301768713928295074e-01 3.006598257302892097e-01 2.039695272590252295e-01 6.649992853086251078e-05 1.598196795387380332e-04 8.378052616309397379e-04 6.375713854530643408e-11
2.939996853920725468e-20 1.605630275223420244e-11 1.139858542942257752e-10 4.835762616130740652e-07 6.306094669426228795e-04 6.535419757210442215e-02 4.627685760534784218e-04 9.335519406785968144e-01
4.223168986481650733e-01 4.521329243157172773e-01 1.117567524453406541e-01 1.374796233469594182e-02 1.091153635928333159e-05 7.569417173433004767e-07 3.379377781089681952e-05 1.935602160632644703e-13
1.352353582286111022e-01 6.526256649302779600e-01 1.826401281034364943e-01 2.939915155921110634e-02 8.579950537392731368e-05 2.248536549395825343e-06 1.164913559078364155e-05 9.493029472604978600e-13
7.787764896054112651e-02 2.837975131589682842e-01 2.209174672117072136e-01 1.244550778086022796e-01 1.067736685055612200e-01 9.947150067541382645e-02 6.020046150535515034e-02 2.650666217385047596e-02
3.862090935324539707e-07 1.423583874569472538e-02 3.054973071449574099e-02 4.267599183956081177e-01 1.194548687288276151e-01 1.002570015899921368e-01 3.070914613333838306e-01 1.650794282905684255e-03
8.551523242680819154e-23 3.377279488493724252e-12 8.052023531459600291e-11 4.348900977053125359e-08 2.616107484973839844e-04 2.537253470790922037e-03 9.028177362378116415e-05 9.971108104341798173e-01
1.052193720644672009e-01 2.284322845244871614e-01 1.381167165846108880e-01 2.015376531952411399e-01 1.289720332415586757e-01 1.213602041702772916e-01 5.523256101631762033e-02 2.112917520304033112e-02
9.994017093522055140e-01 5.222821760902749549e-04 7.593183087405894194e-05 7.662573770309993361e-08 5.697337656433413463e-13 6.131877118137692165e-15 1.451631955826314196e-11 3.254424350338029184e-25
6.133576997311917470e-04 2.707114630307537184e-01 2.437773965926880726e-01 4.443846042414129061e-01 7.743248272720742141e-03 7.894464828658782560e-03 2.487540831664903154e-02 5.701738454810437628e-08
5.675766595943656373e-02 5.983832526310534083e-01 3.262208931664934419e-01 1.744821378334517059e-02 4.048472747764762119e-04 7.216892332750896423e-05 7.129581067208599866e-04 1.548469195555669652e-10
8.380861274817369213e-09 2.940233999163381368e-03 3.799715089353173248e-03 2.500643210243690129e-02 2.181094956090068038e-01 6.469331973866273566e-01 9.628413664032740849e-02 6.926780792223817367e-03
1.125146045464150285e-01 2.370078995352792040e-01 1.474372343871120927e-01 1.915250414105640342e-01 1.000606219900698202e-01 9.778523252693541168e-02 8.462521984731083413e-02 2.904414575631418527e-02
9.579496827328475951e-07 1.140276407491329358e-02 5.090733309894573261e-02 8.670192790442112774e-01 5.237650584013349778e-03 9.090848218225691321e-03 5.634101403928675617e-02 1.529907301096200890e-07
9.469911000874002820e-04 3.149050478018770027e-01 4.328526382952052609e-01 2.302618182353390608e-01 7.038788048846884686e-03 5.351694233103597995e-04 1.345954090067525734e-02 6.194658695389261133e-09
2.065151125409989998e-03 1.768926218369722136e-01 3.378046591101630663e-02 7.315685734070462853e-01 6.401890774068478510e-04 2.705863397169768619e-03 5.234665766614964022e-02 4.775788322745376360e-07
2.006099788002723699e-05 1.231925401164108286e-01 3.668171327356947731e-01 3.007485422746546955e-01 6.834027823115290667e-02 2.037885574958706730e-02 1.205022025221844650e-01 3.873724369660485436e-07
1.606531900982597738e-04 1.029112757502257391e-01 4.263539326669842366e-01 4.088915975416055337e-01 1.988890191394807050e-02 4.257797431148515124e-03 3.753556989751499068e-02 2.716084747587882655e-07
9.738556304500857463e-02 2.577327971472515578e-01 2.142107297342291661e-01 1.360653207744621229e-01 1.262173572957566159e-01 1.245385342258535227e-01 1.364763128546723006e-02 3.020206649197096013e-02
2.260169623466011393e-28 1.266551303056218333e-16 1.594943794644739278e-14 1.203982198822932319e-10 5.290127929741229594e-06 1.122201692298161477e-04 1.743048662343688275e-06 9.998807465337611333e-01
2.786084798907142468e-13 3.200995717696435529e-05 1.335889555106747287e-04 3.925005768550504648e-02 4.868860199831193114e-01 1.460104214147721624e-01 1.556894721499040846e-01 1.719984298537368950e-01
1.103028666919572132e-01 2.297823679809132547e-01 1.616364738439233784e-01 1.559622382279043096e-01 1.431914625740312030e-01 1.113278306225226472e-01 6.337437130303591459e-02 2.442238875571164231e-02
2.531138391634024654e-02 6.536026198064243120e-01 2.628980846828153362e-01 5.708547363117112694e-02 9.080565170697805144e-04 3.572245891014760226e-05 1.586589750049317426e-04 1.226389585923896757e-11
2.284408698730596852e-12 4.364655799264112170e-05 1.292597237030240851e-03 4.490235774021771042e-02 2.452926824579720888e-01 3.591528647821811138e-01 2.136053295541437691e-01 1.357105216681787352e-01
2.664446658164451321e-09 1.055905574969987415e-03 4.751163268947799015e-03 1.424679034315836368e-01 1.981073934233253953e-01 3.908154960607495010e-01 2.540446772745640347e-01 8.757458301413261620e-03
3.034826372927594574e-16 3.615691661914238526e-09 2.035454737695434177e-07 2.874584943729706271e-06 5.390373894673790300e-03 3.125129409009064219e-02 5.434342066447658348e-04 9.628118160624803412e-01
1.052193720644672009e-01 2.284322845244871614e-01 1.381167165846108880e-01 2.015376531952411399e-01 1.289720332415586757e-01 1.213602041702772916e-01 5.523256101631762033e-02 2.112917520304033112e-02
9.627339929273762489e-03 4.362607036601437449e-01 3.584593308682759716e-01 1.727544843510710193e-01 2.408744154878511047e-03 4.569421361764865403e-04 2.003245424277801459e-02 6.574035562742088063e-10
3.494460265059961407e-02 5.359294688034093035e-01 3.250472343316227475e-01 1.026945991125184365e-01 2.926389790008418869e-04 6.886149204460837630e-05 1.022592576872799648e-03 2.053931660091939999e-09
1.945971075983063490e-03 7.463373592965850678e-01 1.357972600182638379e-01 1.083128812122032963e-01 5.537746165238804051e-03 9.275380652687912350e-04 1.141243899246962385e-03 2.672120269352269640e-10
3.314506397275315508e-09 1.498286131176440735e-03 2.813001227147049737e-03 1.435402485282744611e-01 4.433002494756194678e-01 2.538330895032783752e-01 1.501770805813184562e-01 4.838041238674062675e-03
4.644171696296935822e-15 8.569586213332377094e-08 2.088277706672912830e-06 8.776561328332656417e-04 2.345852164942478085e-02 1.771853389137329482e-01 3.353477779690830496e-02 7.649415315335282850e-01
1.047516348229993038e-01 4.391735233022094897e-01 3.805679558374520099e-01 7.484553790367007298e-02 5.880593315983346624e-05 2.621192790979690897e-05 5.763302459593840511e-04 2.664006772225075285e-11
7.863236898484139832e-14 1.264141682687613832e-06 6.271462941120826012e-06 1.465275269680042553e-04 8.825754180326678133e-02 6.446589289286825952e-01 7.144049646425079669e-02 1.954889696721299197e-01
8.302739550395362621e-06 1.753170387493324933e-01 2.753731977530084474e-01 4.170629875462060765e-01 5.710611830957880442e-02 2.995733845310366919e-02 4.517424743988394248e-02 7.690093360587126731e-07
3.659989097320182986e-09 9.695118149879192139e-04 3.039086117181582017e-03 4.085651368586883797e-02 2.004053239748264936e-01 5.917657513512829537e-01 1.530847115912726819e-01 9.879097804591032567e-03
1.125146045464150285e-01 2.370078995352792040e-01 1.474372343871120927e-01 1.915250414105640342e-01 1.000606219900698202e-01 9.778523252693541168e-02 8.462521984731083413e-02 2.904414575631418527e-02
4.002489210302787037e-01 4.695583764438535090e-01 1.183039277483884655e-01 1.183978149983859994e-02 2.123187052241933421e-05 1.755457593386805405e-06 2.600594921330399591e-05 3.115692357773673122e-13
2.187250552942466768e-09 4.264243626489715709e-04 2.337471176754729596e-03 1.876806405050976054e-02 4.404142348066405477e-01 4.177514603620466893e-01 7.361902331517637676e-02 4.668331973897283521e-02
2.732033293728086676e-01 3.835623555065627577e-01 1.452651737214326888e-01 1.969475618646538695e-01 3.850323152729422430e-05 4.626710679111837048e-05 9.368091462348454492e-04 4.998837200106919933e-11
4.479487797853165246e-10 5.341548880006092518e-04 1.556646719103499041e-03 3.862046145664219804e-02 4.561214414848266396e-01 2.265689468270863094e-01 2.697376212808754170e-01 6.860726895515592387e-03
1.670420298760343469e-13 8.962959199324569793e-07 5.872096505135994098e-06 1.464630791856868022e-03 2.940081518364461716e-02 3.418680484234868922e-01 1.262655959912073467e-01 5.009941412172108643e-01
2.066718219906272039e-02 5.686179944155342891e-01 1.752503876371284131e-01 2.320851364838098507e-01 2.061824934345504203e-04 7.091269344278661657e-04 2.463988446799887742e-03 1.389800120949041497e-09
3.850076741359227691e-09 5.606866122805128895e-05 4.020946513656255294e-04 3.835256989033491298e-02 2.189705420131132698e-03 1.310497641223541676e-01 8.153938606197104200e-01 1.255593278479506109e-02
9.801805678171988945e-02 3.119082089437075211e-01 5.808692106473105632e-01 8.924025888314058089e-03 2.075035222804608723e-04 2.651731601652881608e-05 4.647689927648415047e-05 1.378568466877139275e-12
4.330850666938975552e-02 6.233757679517581973e-01 2.226009485870324156e-01 1.080878808147341802e-01 2.250553559024581318e-04 1.664602836701731213e-05 2.385194565038051273e-03 2.777791058790054390e-11
1.344354271605957068e-21 7.122288633056763755e-13 6.034667024115295996e-11 7.490388740822801924e-09 5.768029236059081825e-04 7.897194462232143362e-04 3.524401149181301810e-05 9.985982260672319200e-01
1.227125196271285708e-04 7.392916852276569528e-02 1.348291822771961468e-01 6.819409410685944861e-01 2.491581793206478022e-03 1.733046684118302525e-02 8.935479824614121769e-02 1.148731285859526888e-06
5.758821987569511642e-05 9.477995402930371183e-02 1.816409612598797185e-01 4.545321055433313995e-01 1.165169900383151158e-01 8.497408505775970455e-02 6.749183096243088764e-02 6.484889103765760471e-06
1.512049594759183322e-08 3.047553155577539287e-03 9.740690061400639763e-04 2.859821861552713090e-02 2.662735928930784479e-01 6.708744989323147667e-01 4.624476460022855506e-03 2.560757581684383610e-02
9.107921190784243892e-01 7.683105569153436676e-02 1.163674381803845963e-02 7.363821368638026783e-04 3.240484169331602545e-08 1.217026008756865096e-09 3.665653270912226117e-06 1.231200663928986818e-16
4.325512284788374144e-10 6.319836784310914942e-05 2.404239069292630517e-03 6.171074355541124670e-03 9.125101353314878094e-02 7.401460682706153538e-01 6.230987910640138627e-02 9.765452686460572573e-02
4.464529765823964461e-16 3.706986791603430357e-08 1.100521274516193683e-07 3.749950771952327740e-04 4.036917207051325847e-03 3.412108997992176207e-02 3.108594618604897108e-02 9.303809044277884244e-01
2.563922219949533070e-15 1.831329502644639687e-07 7.888620783402016297e-07 3.216996828471289363e-04 1.019312027063548273e-02 3.219582210762379770e-02 8.445245101147690059e-02 8.728359349323833172e-01
1.988151926473061572e-07 4.036895635227538692e-02 7.742301940145007721e-02 3.337577216476622088e-01 3.129111669183284317e-01 1.418863003486386110e-01 9.363022096669403049e-02 2.241554975890807630e-05
1.469698190912721183e-08 1.598225617807774333e-03 2.836054207733334706e-02 2.050568270006504212e-01 1.302976312949021831e-01 2.565913273317119714e-01 3.769458701141715773e-01 1.149561866440803118e-03
9.267765304137139321e-05 3.740044750874523816e-01 2.973619251739474389e-01 2.185113229456780159e-01 6.269913547008557075e-02 1.280208310699470012e-02 3.452817165013783579e-02 2.089126628981707391e-07
9.055279477658609545e-14 2.686740900828534348e-06 3.304327145003252993e-06 8.390773582285233727e-04 1.324723237341269566e-01 3.864003207972112053e-01 1.236424360379486352e-02 4.679180434385018517e-01
2.871316205770053087e-01 6.177332312664970404e-01 8.042434750877382188e-02 1.448650915623782807e-02 2.197206691425585728e-04 3.213529189772829605e-06 1.357293104459066959e-06 5.010949781294319058e-14
3.513727856231821899e-03 5.465422746296906276e-01 3.632116827755209054e-01 8.475843291757120812e-02 1.197261864330772781e-03 1.917957293092785529e-04 5.848240177884804969e-04 2.095567760817658969e-10
3.301262699021065283e-02 6.858833702574934632e-01 2.498645078594475544e-01 3.068662454399660733e-02 2.693114363440865652e-04 2.777110601245197271e-05 2.557877975301064044e-04 8.965056469956047459e-12
1.052193720644672009e-01 2.284322845244871614e-01 1.381167165846108880e-01 2.015376531952411399e-01 1.289720332415586757e-01 1.213602041702772916e-01 5.523256101631762033e-02 2.112917520304033112e-02
1.333452208277723217e-09 2.481321242965562907e-03 1.177892150410346679e-02 9.615487293270218172e-02 2.439377616002304239e-01 4.639700261512846313e-01 1.806093501092007614e-01 1.067745126060800839e-03
1.103028666919572132e-01 2.297823679809132547e-01 1.616364738439233784e-01 1.559622382279043096e-01 1.431914625740312030e-01 1.113278306225226472e-01 6.337437130303591459e-02 2.442238875571164231e-02
1.141652432731565315e-04 6.076367650686304023e-02 2.824311587400116230e-01 3.327280667901555411e-01 5.352566119607444356e-02 1.623634243835792579e-01 1.079097946542033615e-01 1.640524858397214071e-04
4.792604105647236407e-03 4.826028057683664496e-01 3.575132747939833711e-01 1.442193671384497666e-01 2.343656582656598267e-03 8.926010109245706295e-04 7.635685783353071340e-03 4.816616756427011853e-09
5.809090493047000763e-19 5.266626944240118366e-09 1.009451224453843538e-08 3.990180494188250642e-05 1.299348869032872569e-02 4.935782773762389247e-02 2.402150484030612389e-04 9.373685513575739092e-01
1.138995091178706563e-07 4.626736573236744747e-03 2.355989637550702075e-03 5.857379012326697776e-01 8.228028118512147049e-02 3.197937225357060098e-02 2.927984608199319938e-01 2.211443983863699498e-04
9.412614058287038527e-04 1.572294844193613816e-01 3.742025433291260583e-01 3.736423500706413936e-01 1.740617575479865660e-03 1.239414473280030238e-02 7.984885662341749402e-02 7.418433452655099303e-07
1.125146045464150285e-01 2.370078995352792040e-01 1.474372343871120927e-01 1.915250414105640342e-01 1.000606219900698202e-01 9.778523252693541168e-02 8.462521984731083413e-02 2.904414575631418527e-02
3.634499441809708845e-09 1.206847432786953885e-03 3.925716983708082974e-03 4.781150897517292414e-02 5.429689045854070306e-01 3.164417667839939940e-01 8.521537841670388802e-02 2.429873187728042241e-03
2.603111557787952691e-11 9.459899202095791077e-05 2.099470852025906841e-04 1.466494702841539439e-02 1.103112749029992873e-01 7.415375230440729437e-01 1.303408442743013984e-01 2.840864646955389237e-03
3.834690157890345341e-11 5.975519579966862639e-05 9.893417546767255440e-04 3.351208103240061603e-02 2.930624698656503473e-03 3.071982472257459365e-02 9.311845690810897080e-01 6.038034764536148215e-04
2.577829477362197439e-11 6.756688088864709705e-05 4.410405712016080590e-04 1.615169356080165333e-02 3.140435884176189241e-01 4.744463507638453370e-01 1.581868962768987197e-01 3.666286350296699831e-02
9.376716981624864944e-03 4.029272463284908623e-01 5.043209510560817677e-01 8.253304182380498399e-02 2.371200603659344799e-04 8.930194143832818142e-06 5.959935356578599302e-04 1.983066071844161153e-11
1.518190816622505936e-03 6.333683376008900634e-01 2.456451214792432225e-01 1.088653624721294261e-01 3.028490597708546721e-03 7.097798012908109258e-03 4.766936222330089173e-04 5.398265623822894343e-09
1.762726187283842338e-01 7.488327682727906609e-01 7.398021932133284906e-02 9.054801361682287761e-04 8.835937003122186246e-06 2.584376278281799639e-08 5.176055771029718998e-08 5.095301578442412997e-17
7.005389306735466670e-01 2.235760079373233233e-01 7.477238909701000580e-02 1.111280710283038195e-03 2.562680951866793145e-07 7.194628840793814011e-09 1.128119113117177722e-06 2.008221534955046062e-17
1.052193720644672009e-01 2.284322845244871614e-01 1.381167165846108880e-01 2.015376531952411399e-01 1.289720332415586757e-01 1.213602041702772916e-01 5.523256101631762033e-02 2.112917520304033112e-02
3.916902019358944192e-02 4.190875086335587585e-01 4.589941872306929627e-01 8.127300164816844696e-02 1.038002144311422729e-03 2.180889257560631876e-04 2.201909264826355556e-04 2.974404489257495313e-10
2.861204513573330434e-07 1.130190703496950638e-02 2.711268956778484576e-02 1.431740776013365468e-01 3.451016767442944277e-01 2.150919544174136611e-01 2.578462563389798956e-01 3.711521747694070355e-04
9.319895485631251247e-06 4.266618563153550675e-02 3.174408212795504919e-02 5.342760838587697902e-01 6.236173165196369494e-02 1.093343221457338255e-01 2.192754368598649750e-01 3.328378286926060711e-04
2.986456066039102318e-03 2.135949173458259187e-01 3.268799857714368429e-01 4.091147600138261842e-01 5.834988613793815624e-04 1.036139180736975890e-02 3.647808304029345056e-02 9.070938286055136992e-07
1.052193720644672009e-01 2.284322845244871614e-01 1.381167165846108880e-01 2.015376531952411399e-01 1.289720332415586757e-01 1.213602041702772916e-01 5.523256101631762033e-02 2.112917520304033112e-02
6.966919758737909196e-02 2.411762196691125404e-01 1.032908475126431969e-01 2.807307504332019477e-01 1.027107336789084002e-01 1.075831477170111766e-01 5.016590952031762390e-02 4.467319388142632769e-02
5.490416064766518237e-03 3.248801182404096322e-01 3.130127173374414595e-01 3.316903652787352441e-01 8.604918359653827148e-03 5.912666710951970054e-04 1.573018176773998897e-02 1.628015850839105258e-08
7.740580424838900981e-04 4.039114074963280898e-01 4.287351970965048720e-01 1.259612698041668311e-01 3.906585780339634495e-02 8.183188677923668901e-04 7.338890319405170105e-04 1.857388846992068730e-09
3.414684830954177464e-02 5.821204694539074964e-01 2.742513452122765094e-01 1.078679260159501885e-01 2.091858834467773460e-04 1.370571157130550833e-05 1.390519302051208264e-03 1.112546312654908246e-10
3.767917429361467893e-06 2.036387978304191396e-02 5.901682156878310104e-02 1.523949110875995883e-01 1.348333042541322024e-01 5.715319733555399573e-01 5.582315563338790393e-02 6.032186400085256736e-03
4.411432689629774147e-03 4.830780214616330892e-01 3.175674158300996197e-01 1.721243105479939584e-01 7.686558756627577885e-03 5.035278445740974315e-04 1.462873019135613531e-02 2.678086086118267575e-09
1.057790832994760838e-06 3.680384639773930794e-02 5.341972531781188915e-02 7.274727940864086362e-01 1.392905364978426763e-01 2.066069303811732955e-02 2.234478609977702535e-02 6.560771468515704346e-06
7.043288503617429752e-01 2.397997252748270969e-01 5.275316240468232859e-02 3.117344185694498164e-03 3.865403754021246064e-07 1.317452011291009707e-08 5.180581567250769343e-07 1.757107645930434320e-15
2.348183042158041509e-02 5.502931041439877990e-01 3.118132795313917627e-01 1.071791251699186071e-01 1.175754708725377856e-03 9.084726319976045442e-05 5.966058729740710345e-03 3.145555322643351838e-11
2.736044442725202529e-11 3.232131608123570664e-05 1.865204263077081251e-04 1.058553440642536793e-02 8.799335440442268563e-02 6.423756872004797724e-01 1.999757503587057117e-01 5.885083186021773660e-02
2.024458184136587650e-06 3.438279055851543864e-02 9.205548402379090667e-02 1.837818800420740195e-01 4.772261816642424104e-01 1.657253578994871135e-01 4.672125663099910287e-02 1.050247227064306731e-04
9.943990837007921996e-14 9.743720299357469537e-07 3.271626797548726421e-06 6.469093120875757082e-04 1.250381912485998802e-02 2.394519494668078674e-01 7.540032812977964793e-02 6.719927479675377180e-01
6.847600712286963653e-02 3.934527726087515553e-01 2.288872248884920579e-01 8.354153899418027829e-02 9.433086276839694473e-02 1.043391072681505993e-01 1.972716253656315796e-02 7.245323812595508804e-03
1.815272930372940630e-01 5.170322453244450278e-01 2.573166832946197080e-01 4.390503018799735147e-02 6.960961442111773230e-06 1.778962801115008108e-06 2.100082269258071645e-04 4.474820458018416599e-12
3.083519847732713512e-17 3.707586465128068119e-09 5.212209102833951320e-08 9.412190500415796061e-05 1.100065603367610112e-03 2.691254570373518076e-02 8.445334138146716463e-02 8.874398695767459211e-01
1.403414777429027808e-05 1.094858519921499893e-02 1.961038771764884309e-02 5.041437417192210502e-01 2.083052328158655625e-02 1.729250747648190534e-01 2.714182088524303427e-01 1.094443173060696616e-04
1.924920887485137011e-01 6.699596198988462259e-01 1.250096723794091036e-01 1.248285121777200843e-02 4.871116490282596762e-05 6.874276118236595742e-07 6.369162692263448974e-06 2.521414671335744912e-13
3.830639101854280051e-04 4.794717248026829082e-01 1.440569213831084106e-01 3.525423513203164716e-01 7.982206819752361848e-03 2.083976198346000185e-03 1.347972961447032290e-02 2.595113898376519069e-08
6.807468961886879721e-02 3.068728511625006816e-01 2.013317644549101060e-01 1.570237485987392434e-01 8.101164762250588625e-02 1.395414550092582140e-01 3.731156915755810821e-02 8.832274375658763846e-03
3.579145494871599464e-26 1.275363761506916805e-15 4.958903426435057451e-14 7.505455032031490071e-09 2.177480528041492065e-07 1.152764662822616614e-04 4.484207126511377339e-05 9.998396562088990303e-01
1.593571601747556126e-12 1.539382157337828842e-05 6.396360971254515205e-04 3.261609733862272376e-02 7.501938067737817795e-02 4.713865634796309823e-01 4.109100821332393183e-01 9.412846450834658554e-03
5.438096546638566237e-05 5.515241237546859854e-02 1.401632340508423835e-01 5.581579755557364297e-01 7.720713615977949085e-02 4.434437775410535881e-02 1.247111094530280462e-01 2.093736855731932430e-04
9.643995396526283681e-02 2.603463489777255169e-01 1.945259209141110834e-01 1.533917565088770973e-01 1.021055567646783346e-01 9.382006651226655614e-02 6.901691285935825093e-02 3.035348349771942525e-02
9.643995396526283681e-02 2.603463489777255169e-01 1.945259209141110834e-01 1.533917565088770973e-01 1.021055567646783346e-01 9.382006651226655614e-02 6.901691285935825093e-02 3.035348349771942525e-02
4.755776892709603042e-03 4.359876292249822982e-01 3.340044580058968982e-01 2.175784461601719955e-01 1.809460522551871280e-03 2.553853410024018345e-04 5.608832971361200903e-03 1.088132384385751042e-08
3.050539916771122501e-06 8.208388745289289801e-02 1.371774522885921554e-01 5.900996782095321302e-01 1.373725245187100152e-01 1.144547592635426075e-02 4.181772102013836534e-02 2.100438618674672697e-07
4.154786852237294658e-12 5.505425922175592279e-05 7.628688760654583380e-04 2.896565848104355398e-02 1.361245638739170816e-01 3.952031015383051793e-01 4.337450853121848082e-01 5.143667655110322964e-03
5.556090681371835330e-03 2.965881719232613123e-01 2.444981660397736734e-01 4.475725728051888619e-01 2.648175307636581148e-03 7.082803543946274019e-04 2.428542125411567529e-03 7.629619167985272980e-10
2.612717703239946822e-04 2.561711692277686137e-01 1.598081073252288209e-01 4.738359884210166517e-01 9.149255664633756252e-03 9.713165267603204520e-03 9.105977683103486098e-02 1.265492389866064529e-06
7.111443184235509357e-13 2.502157065981137354e-05 1.377004839881250896e-04 3.990911330333016260e-02 2.953588818048278122e-02 1.813392713666253375e-01 6.559971868652325622e-01 9.305581822896735744e-02
5.805252970441355381e-02 6.740641935464987133e-01 2.551038852922657418e-01 1.243643302641145656e-02 3.057472539608209450e-04 1.471878127620694270e-05 2.249239470578205679e-05 4.681065078886352153e-13
4.016481199292501025e-14 2.569621725502310510e-08 7.394292463776897303e-07 6.436724192718148302e-04 1.143800675388300238e-04 2.312658079575504455e-01 7.531305716187323140e-01 1.484480281139019878e-02
2.874639623995569476e-05 1.312310119910269357e-01 3.578582658232580815e-01 3.701931287584674379e-01 8.227459041557133937e-03 4.151854617416189316e-03 1.283090868073865354e-01 4.465646476672961215e-07
3.320100379040819873e-03 2.046591626923012774e-01 3.459949385045466563e-01 4.215380956604792839e-01 4.262232824150941415e-03 1.323647316206881053e-03 1.890111936069379522e-02 7.032625802920431966e-07
5.979792682622230016e-02 7.144029623375101057e-01 2.164395805992301025e-01 9.240996139135010390e-03 1.032908883910116973e-04 2.660033585932765081e-06 1.258317577339786256e-05 1.520196974580038722e-13
9.624257073111040707e-05 3.568381513535571203e-01 2.803459591448396182e-01 3.239156709583534965e-01 1.426033010677034245e-02 3.979411720392397184e-03 2.056418107320670194e-02 5.307214819334327192e-08
3.582102776981732054e-14 2.480442261338115956e-06 5.919739697859908431e-06 2.157176222143954939e-03 2.739876920770101254e-01 5.247486958653377886e-01 5.116721492386720228e-03 1.939813141611269331e-01
1.161904547283546872e-07 5.234390297429044291e-03 4.554686346069700131e-02 7.436827920332030051e-02 7.103443176125778802e-02 6.090749668900553582e-01 1.937806052240266252e-01 9.603469727599955440e-04
1.523200953810190930e-03 2.066350414242698608e-01 3.478289170479216819e-01 3.650185254364092802e-01 1.142161686738023610e-02 1.110812949604872944e-02 5.646348020211931773e-02 1.088572040695539041e-06
2.642305230889904809e-05 1.712413887196864715e-01 2.676968823519110807e-01 3.085130632141335205e-01 1.481957743735189403e-01 7.931099547087580581e-02 2.501355874815611863e-02 1.914069409391113982e-06
9.941499698333465989e-18 9.041949196165683205e-09 1.069250866813617802e-07 7.718472908811460046e-05 3.983496121991923940e-03 7.082695767355354222e-02 2.473708804161123351e-03 9.226385367041697316e-01
3.095921188925309384e-04 3.431797553607598972e-01 1.893620832744946636e-01 4.339758499367142308e-01 3.680485997441732340e-03 2.859443034179890829e-03 2.663277213253855205e-02 1.814497879407319918e-08
3.052621705206881516e-06 1.302993965256205380e-02 5.496674731101636180e-02 2.170088327949709073e-01 7.872352761068884819e-02 4.130296363441544050e-01 2.203879366509204074e-01 2.850327013981399094e-03
3.606595041982639136e-04 3.411479866933178617e-01 4.013432865908124758e-01 1.858097937626536633e-01 3.482061491151095672e-02 5.706889068750482449e-03 3.081068955727823966e-02 7.991147801035720805e-08
1.532368460841212324e-07 9.358364133725788347e-03 5.238161219114748773e-03 3.197145018791681670e-01 1.232496363286994384e-01 9.617428414030650824e-03 5.294042274710020202e-01 3.417527317415193153e-03
1.740568044824599994e-07 5.652855674955501245e-03 1.227998065460465631e-02 1.770754471416976505e-01 2.667523311979502210e-01 3.852595634552027914e-01 1.395908353474585861e-01 1.338881247132575093e-02
1.365237234960471266e-03 1.855297581029036191e-01 1.300886453481997773e-01 6.616169190715918136e-01 2.562891402254459643e-03 1.604597548310911356e-04 1.867608877055427705e-02 3.147044489657202257e-10
1.358028798569511789e-03 5.584659316905149495e-01 3.171712394036180216e-01 1.194237927022750306e-01 2.118511264393736510e-03 4.652547545730013195e-04 9.972410427994662842e-04 3.432564940422043748e-10
1.324108151099194497e-02 2.024314153954888118e-01 8.731212582988269466e-02 6.663438210450025601e-01 4.146841638810771710e-03 6.074278022944067448e-03 2.045023104216951368e-02 2.055147136750272261e-07
2.131498609405504119e-01 4.184303872470465646e-01 2.887804392898116190e-01 7.933212701396573363e-02 5.310608280608440022e-05 1.642992828886792516e-05 2.376494913414351092e-04 6.189602487940812568e-12
3.665571088342750553e-13 1.602090756854038132e-06 9.411170440610112240e-07 1.211741441276925277e-03 1.344831359116171188e-01 3.402535280401939866e-01 2.369097436760206343e-02 5.003580770311416570e-01
9.838094466682481207e-03 4.826868733970660630e-01 3.482045124744074238e-01 1.539226915099110582e-01 1.052637723916337613e-03 1.996626752735939595e-04 4.095525894331178592e-03 1.858412113960557613e-09
1.276140343189275939e-01 2.564238563723960640e-01 1.710839931362091171e-01 1.401732291486341431e-01 1.410604708698116883e-01 1.325610527302154840e-01 1.594137873788464138e-02 1.514198468592181657e-02
2.697873411637083492e-09 2.559178109798472458e-03 1.378700593303775271e-02 7.822358198778570082e-02 4.407849836839045077e-01 3.979824364229647138e-01 6.639945714279321676e-02 2.633540218409755203e-04
8.662206193994567202e-07 1.562366213785151836e-02 4.677998578586382850e-02 4.436298922363073327e-01 7.767805629654560284e-02 1.075162867000578615e-01 3.076597147824693401e-01 1.111535840283830448e-03
1.685340505129846739e-05 1.283326943923245311e-01 3.371328956726526993e-02 4.204617578147276657e-01 3.638146687943560886e-01 3.930612379206582102e-02 1.434618115092160286e-02 8.431083290434978310e-06
8.166422136882618606e-06 1.235181712451805802e-01 8.021592308271550953e-02 4.240628167299475559e-01 2.657956488930978134e-01 3.265082124013868325e-02 7.368785272125621955e-02 6.059966552901127569e-05
1.591310392064868462e-09 1.087640151936580764e-04 1.939378391180365401e-04 4.376459382176384194e-02 3.430776439299020042e-02 7.755588216432262039e-01 1.403802045101245899e-01 5.685912186274729579e-03
3.494927911549971696e-11 1.130029014246044616e-04 1.159504461700726211e-04 2.746070438889227847e-02 2.951255325033717569e-01 8.032215474272308420e-02 2.910702090865249225e-01 3.057924458959431768e-01
1.530803278049127983e-10 3.998435368644180339e-04 1.136024696538462126e-03 3.418554204803903040e-02 3.520876335794141943e-01 4.966201423823750072e-01 1.052155008770958994e-01 1.035531272659254154e-02
8.524347802493590232e-05 2.333280283538617661e-01 3.820844435734234712e-01 3.158951412129754610e-01 3.648123306291557733e-02 1.069345432254439031e-02 2.142923298581019334e-02 3.223010444090506399e-06
1.144506485436635503e-02 5.546392312501529087e-01 2.838541285906904799e-01 1.456430825068249502e-01 1.028160839609297420e-03 8.031983056826143968e-05 3.310011863307666530e-03 2.644800860999736808e-10
1.056282199826412528e-07 1.678728690384335628e-02 3.060788736779682453e-02 2.459834044315616364e-01 1.280371292773602732e-01 2.635316779616509453e-01 3.148297707287410208e-01 2.227377008277148501e-04
3.909472525403393444e-05 8.590582925722073382e-02 6.518192491691592039e-02 4.584058940017339268e-01 8.255426798640086439e-02 5.805603010939330844e-02 2.498250485198099946e-01 3.191048327097371960e-05
1.038259591248396658e-04 2.406289519915797148e-01 2.125265080899467751e-01 3.764524149564361655e-01 3.660861234047676355e-02 9.038375701435640008e-03 1.246375342742271630e-01 3.776686773083374266e-06
7.530968111794908992e-01 2.284549109220845309e-01 1.621191866141377322e-02 2.235893210192473751e-03 2.326755923798300421e-08 7.573469318129098543e-08 3.670245642019819936e-07 1.923267064963326573e-15
3.806223182135432537e-01 5.115588376802987503e-01 8.908698844890328150e-02 1.868677853888931276e-02 2.341505696082738296e-07 4.298042789301905701e-06 4.054492442560389927e-05 5.809751462405974439e-13
2.808662648306722941e-07 2.414471216308210211e-02 6.962014107832935339e-02 1.292229761525429121e-01 3.778295154469226147e-01 3.288552954902243530e-01 7.024648588344094280e-02 8.059291919308275015e-05
1.256346606141824215e-03 3.429919868234937441e-01 2.096760702540155508e-01 4.218543609024137386e-01 2.601987699420727981e-03 8.015562055870683461e-03 1.360302388454368364e-02 6.617740999151646997e-07
1.676696634279810457e-08 2.514064629479719967e-03 3.194807462841056742e-03 1.989332667711116720e-01 1.595440963482557539e-01 1.729099339193972407e-01 4.324594148639270830e-01 3.044439923801962530e-02
9.957769289349917008e-01 3.483826475200207072e-03 7.220230696686322138e-04 1.721527774570588359e-05 1.901896748417207906e-10 1.780445186035097507e-11 6.034399417416130200e-09 4.419815979263221914e-19
6.411720332825705945e-05 1.894970698963173994e-01 2.517499892440427378e-01 4.919443073920432008e-01 1.188609827497979013e-02 4.196853057886868431e-04 5.443797514963540085e-02 7.575338679062893403e-07
3.534899058426718851e-05 5.142237756229443846e-02 3.032445403778336046e-01 2.065468084888378297e-01 3.988022352937568155e-02 2.943471927241353425e-01 1.041453231869655660e-01 3.781851399733021125e-04
2.581222207513514294e-06 5.562533730504174573e-02 5.809392755978801809e-02 4.145838589392757401e-01 2.066961364556850200e-01 8.194086662664046283e-02 1.830230437630361306e-01 3.424812832542320571e-05
8.246958788329521173e-02 5.821113295265738508e-01 2.301978320819775270e-01 1.043231157916894719e-01 4.789417090384163935e-04 1.378095892938954818e-05 4.054120324694349240e-04 1.602674115186753096e-11
2.978482350994713313e-11 1.366435527500274301e-04 9.525365964400716234e-04 2.565347888866382348e-02 1.505384364943470055e-01 7.555717211307449999e-01 6.088253172564615096e-02 6.264651581622707015e-03
3.281035419800334280e-02 7.899620743875818141e-01 1.709971185321796372e-01 6.106483373340395281e-03 1.194999125926580336e-04 1.151278894541717997e-06 3.318317380072549222e-06 2.725847720658506537e-14
2.496983492520016282e-14 2.722500017458417343e-06 1.307804645150541527e-05 2.938268355784815194e-03 5.671030551462177272e-01 3.719155815193497250e-01 1.735525337699300036e-02 4.067204105516148555e-02
1.568187092229374073e-19 1.495323650722881551e-10 1.138092490731222072e-08 2.990379152349286703e-06 7.947980692014633419e-04 6.286048436128516270e-02 5.460333215757185224e-05 9.362871123277505259e-01
1.733681633546767001e-05 9.871552912766083654e-03 8.068493731968461036e-02 7.913256304948576014e-01 6.338417271284995172e-03 5.539327583847738351e-02 5.636709198504919610e-02 1.757361572004264645e-06
2.504283958288665568e-01 5.239731631960836689e-01 2.004091374841373563e-01 2.513253770366823125e-02 2.292518976620423388e-05 1.010950713297488111e-06 3.282964665699857873e-05 1.078728990503265496e-13
8.487167482558370668e-02 2.821669150315951891e-01 2.747584982190965919e-01 3.576702691901875175e-01 1.067422936909254124e-05 1.462893950169933101e-06 5.205055848751451598e-04 2.534384432125841496e-11
1.143755482901359644e-01 2.522439797473733369e-01 1.868582458552623948e-01 1.306531421642649071e-01 1.480357593163029450e-01 1.128316581304959210e-01 3.795085238268750688e-02 1.705081411347759285e-02
2.077625758267292178e-01 5.704146752103550488e-01 1.740936739292520130e-01 4.654654338328895191e-02 4.298751697040131576e-05 2.068693640834575210e-06 1.137475438485328980e-03 1.278459203022917341e-12
8.449330138005363769e-03 1.961918411018870878e-01 2.575761831978241045e-01 5.113221340548527172e-01 1.351075130129720885e-04 3.664371426486084222e-04 2.595891127708642790e-02 5.557468490988490112e-08
2.449434029030050176e-07 1.586521304746360897e-02 1.563462208859098257e-02 3.199096730288593093e-01 2.452328438949639283e-02 1.996847176507469956e-02 6.030711602815095329e-01 1.027330455601274933e-03
1.555750127051044298e-07 4.437801812260343086e-03 1.197696909373021160e-02 9.240545519924703299e-02 4.284343982141731733e-01 2.919547677170247213e-01 1.693389690967763983e-01 1.451483291774690720e-03
7.454875619329943313e-08 5.718396267573134378e-03 1.712671329073635687e-02 8.131498164790904037e-02 5.202537925385819495e-01 2.795451077236292825e-01 9.532616021987849741e-02 7.147737629353500231e-04
9.999642753410913354e-01 3.309336614758066219e-05 2.630821638377337728e-06 4.711194091913975338e-10 5.326926090869708180e-16 8.366029387716775330e-19 3.332730786818102202e-15 1.524945821262367072e-30
7.802501594117111638e-01 2.057891030998738602e-01 1.132455134603884729e-02 2.635287541485254684e-03 2.446893796811454885e-07 8.255651759503095510e-08 5.713549932910508416e-07 5.383559709762487453e-18
2.031155661411993989e-17 2.688792432362952889e-08 4.848620815074935371e-07 2.530802636301825539e-04 4.520013961022019411e-02 6.991257158714584419e-01 7.260495000287084215e-03 2.481600575043974577e-01
1.632910754469873733e-03 1.909379985064962870e-01 2.657183899828083340e-01 4.780972472854848054e-01 1.347711790198488288e-02 2.481987580279678557e-02 2.531313525434862252e-02 3.324511610148960140e-06
8.865075978092033245e-07 2.026809385746914174e-02 8.000571425979562112e-02 3.872046122973732407e-01 2.847588359098466859e-01 8.246544707316205702e-02 1.452784606668331979e-01 1.794942792292763989e-05
1.900075684749023007e-15 9.771213364995706154e-08 7.891343700931652242e-06 3.321275713354871536e-04 5.058884057799904049e-02 4.130043359079948462e-01 6.223745347420605450e-03 5.298429615394133485e-01
6.410432853048704353e-04 4.969672531598172127e-01 3.116650512031738929e-01 1.594829332557243240e-01 1.930414620149800004e-02 3.797755423674855496e-03 8.141679390626098065e-03 1.380801807641582849e-07
1.282408697643681317e-01 3.105120585083714912e-01 1.580904803766410571e-01 1.413592746567457759e-01 8.410407350318190034e-02 5.733031569005251488e-02 1.134151862539043432e-01 6.947741246734578414e-03
6.608611402773664679e-13 6.851520306899320432e-06 6.576986159866178778e-05 7.380878001597992143e-03 1.643219045334453482e-02 6.608929253804479709e-01 4.796393361721289217e-02 2.672574511648302398e-01
2.123134001097279067e-01 4.816613844456349436e-01 2.611187265132752788e-01 4.463113131422679486e-02 1.958598917427125730e-05 4.709787594788000564e-06 2.510618376497501412e-04 2.716109363532778879e-12
8.152053521551288546e-06 5.776096990886894073e-02 1.481960266797311132e-01 3.628702090082375209e-01 1.029972097123861979e-01 3.369239625637196478e-02 2.944720745912183801e-01 2.961789664684901047e-06
5.074873939310346005e-06 2.866092079483571059e-02 3.285196427134030178e-02 5.611470242302305511e-01 1.579127276788211132e-01 7.476346138531837944e-03 2.119300452821692993e-01 1.589673012390770157e-05
1.683786538415331380e-01 2.498591719854221516e-01 1.670879236877398644e-01 1.578286859679633169e-01 9.819887968616330953e-02 6.967458081982452756e-02 8.591158134473150798e-02 3.060522666622303347e-03
