1.001226229983340774e-03 4.506909976015125441e-01 4.265945495956217637e-01 1.006226007221148327e-01 8.925909519518609656e-03 1.665302221178490685e-03 1.049941071047459130e-02 3.399595705496715260e-09
7.119757552718035398e-02 3.422507016084660458e-01 1.721686876010933842e-01 1.719193889150018306e-01 9.376431616001271174e-02 1.085073906672815308e-01 3.248420194399316563e-02 7.707737576969947609e-03
1.245762812253787969e-03 4.577367531347082408e-01 3.562381670633358866e-01 1.724259189761181699e-01 6.531882349048293013e-03 1.081295440976848049e-03 4.740216705285659957e-03 3.518273130215747911e-09
3.571964353721955224e-07 9.986012842090496999e-03 1.853153256658704104e-02 1.457807825784664391e-01 4.043711835639192120e-01 3.777351446992741058e-01 4.055228389281801543e-02 3.042702660409817971e-03
1.122177407144353201e-16 1.907010770939338126e-08 6.731307412049408733e-07 1.624735077025160970e-04 1.587579554064440235e-02 3.080498047418549490e-01 1.369605918756183240e-02 6.622151748213871425e-01
3.223587119672829935e-06 1.966254136214494463e-02 3.590510984659322363e-02 2.757550519163251557e-01 2.219537641002797441e-03 8.770221981480969334e-03 6.576812204601474310e-01 3.093205181164969763e-06
5.791017971834342470e-07 8.290685617352430356e-03 2.882300199084365105e-02 1.392860705523718268e-01 2.109637371824029384e-01 3.040935156391534888e-01 3.085115381288991432e-01 3.087178717627865165e-05
5.681816713264895569e-01 3.792665880297364511e-01 4.532241830700493856e-02 7.216698222094124031e-03 4.488634552404254549e-08 7.748046794721012334e-07 1.180442362773976751e-05 2.197565845666807606e-14
4.898576330009133235e-08 6.936502167402032112e-03 6.451608374953724488e-03 3.420442907599443028e-01 3.474528152876961151e-01 1.957565130978225487e-01 1.004872561776963963e-01 8.709651486968596418e-04
3.114591005246394581e-13 1.855744944750151073e-06 2.428002187262862145e-05 1.834532499227090399e-02 8.164203906669128749e-03 1.133730525989458254e-01 6.263670530690814697e-01 2.337242296659026997e-01
3.905358846291824655e-11 1.307216395309294184e-04 6.027289335265964857e-04 2.024750190726203741e-02 9.189305332677726035e-02 7.431474417386513265e-01 1.345073301483704908e-01 9.471222266827439978e-03
1.413477084857379051e-04 6.690904041063809593e-02 2.120003127740051063e-01 5.714460801965728365e-01 1.883933562580269658e-03 3.669574209208136678e-02 1.109232862696021421e-01 2.569860342051613722e-07
7.311702796909466673e-02 2.817309697546162561e-01 2.422626556348363436e-01 1.151219091132298228e-01 9.713002411273406744e-02 1.060278533783833577e-01 6.214128119052684390e-02 2.246827884657908586e-02
8.460619866638790179e-09 5.719378629790039135e-04 7.780970157232519439e-03 2.319842219418571591e-02 3.909734594853908063e-01 4.066371847019643604e-01 1.589594712902661078e-01 1.187854584736180302e-02
3.162961230114117481e-04 4.972296822459525978e-01 2.226300147148275732e-01 2.191988680776312259e-01 3.224146202940698230e-02 1.419645203560740421e-02 1.418643811973647507e-02 7.866538260753355621e-07
4.127202783466307062e-02 5.435667219381474791e-01 1.909771093350047522e-01 2.227389020041119494e-01 1.336376903326679910e-04 1.406818582155319286e-04 1.170919290734349222e-03 4.878984853640742418e-11
2.948488948181191612e-20 2.143715138233525367e-11 8.986968154871869814e-11 4.429820150094134649e-07 7.483775469911275709e-04 6.609875504181396411e-02 4.096512399997533321e-04 9.327427730778731219e-01
4.323060491466669819e-01 4.623291310081930616e-01 9.308750942508965676e-02 1.223545500776338814e-02 9.558807358532798627e-06 6.597116642856285860e-07 3.163689315944923211e-05 1.047073224361292666e-13
1.443567914995674550e-01 6.553805663327376685e-01 1.752707216874980212e-01 2.490399685575963099e-02 7.437440336011304090e-05 2.163351689041457913e-06 1.138586886928790751e-05 5.188659395065066803e-13
7.162846625268341760e-02 2.812705570047792092e-01 2.434605113464815562e-01 1.171668993882652582e-01 9.716444061873441562e-02 1.043215270143967172e-01 6.274230252273832464e-02 2.224529585192122974e-02
1.937097909973332376e-07 1.314192630357464628e-02 2.880845703365708318e-02 3.120547494134006672e-01 1.004823415289588517e-01 9.771712161788816131e-02 4.468626123595723088e-01 9.325980331581320334e-04
2.574374013385466915e-23 1.861052477361114202e-12 5.173182093749181233e-11 2.153398297253155598e-08 1.449120174644361991e-04 1.706731468346552255e-03 3.727054765629277279e-05 9.981110643789552483e-01
9.797852248223781757e-02 2.786713030552080417e-01 1.403313214297918499e-01 1.613866834726923050e-01 1.082628437389145382e-01 1.099365345058932464e-01 9.208719593126553360e-02 1.134559538399738422e-02
9.987730479803225148e-01 1.116598666369519139e-03 1.102070198113086507e-04 1.463203366743413032e-07 9.770533943800811048e-13 8.029207471423574275e-15 1.217523951127510046e-11 1.936980385550836810e-25
4.007698377379382486e-04 2.330560083162295237e-01 2.130210494651124664e-01 5.102388627334049076e-01 5.234265693945739512e-03 2.412572348286943016e-02 1.392326299106395188e-02 5.747963535217213453e-08
5.303977069700872848e-02 6.152099813047323673e-01 3.128166058399512450e-01 1.792570639493553178e-02 3.881343016342488224e-04 7.770818441283683018e-05 5.420931424913595338e-04 1.348339872659623183e-10
6.863121869036811488e-09 3.239140784291327790e-03 3.707388683861473789e-03 3.232280739559623833e-02 2.039187095230803881e-01 6.651892535292993625e-01 8.886735596794168024e-02 2.755337252807544927e-03
1.170868686898618727e-01 2.602589969845443552e-01 1.650671352546670689e-01 1.770738994127855070e-01 1.049049668832723325e-01 8.629689276577121038e-02 7.414020388730206690e-02 1.517103612179579973e-02
3.969591250812428786e-07 1.021529004562279214e-02 6.270517467691311131e-02 8.637288037794350615e-01 4.819499855669260799e-03 1.027690567540341660e-02 4.825367313969121386e-02 2.558681814835318219e-07
6.957811290220297391e-04 3.218052411415490699e-01 4.118545363582283292e-01 2.479915488983677196e-01 6.548214298901277979e-03 5.558987869580526335e-04 1.054877187035951729e-02 7.516613979568059629e-09
3.027641764504606509e-03 2.614717897532169433e-01 4.444038404323168850e-02 6.248623316684140949e-01 7.287897102696122001e-04 2.304339366089867922e-03 6.316427754930289962e-02 4.461449726924038336e-07
1.235480989239601898e-05 1.224160416766368470e-01 4.285201173384919904e-01 2.365966372721274580e-01 7.939414701524040441e-02 2.349834579711541915e-02 1.095621155048306650e-01 2.405856621436912508e-07
2.245778194443839317e-04 1.354790237118003449e-01 5.169616221749187002e-01 3.000843525831729530e-01 1.497420490811097842e-02 6.654686512815736858e-03 2.562131571975845290e-02 2.165699785376065831e-07
8.008767895937064785e-02 2.555839422198847299e-01 2.390577368022953342e-01 1.342163380100838133e-01 1.268169856011909513e-01 1.266126915840234957e-01 1.130974957340468920e-02 2.631487724974596043e-02
2.258402841669267396e-28 3.158448921914936847e-16 8.010629139333180693e-14 1.179220486544611498e-10 4.827733691952311401e-06 1.399508392457994696e-04 1.832078084776552305e-06 9.998533892309718896e-01
1.160690682521635362e-13 2.297308994493645957e-05 1.373964240914886490e-04 2.732705739911983275e-02 4.166017996779188826e-01 2.087589706610260276e-01 1.192790124733205948e-01 2.278727902744678846e-01
1.021536726639218906e-01 2.437768296203186302e-01 1.922444074531061142e-01 1.254096819867438206e-01 1.269901248462732002e-01 1.503842602128668549e-01 4.619650972253724897e-02 1.284451349423276247e-02
2.599219018285952448e-02 6.198261536653445480e-01 2.999438046255558099e-01 5.277049405610582250e-02 1.247729707338488935e-03 6.903218593244240164e-05 1.505955695063406906e-04 7.357018378630291699e-12
1.483971841098075355e-12 2.861296078362968772e-05 5.250805863326114039e-04 3.411781768814155930e-02 2.883998361744571359e-01 3.653758443857146321e-01 1.149407979858625417e-01 1.966120102172227990e-01
4.582477756170910664e-09 7.929810891415980771e-04 2.973076428047994029e-03 1.839182388872456220e-01 1.408352276432799366e-01 4.096887717256073591e-01 2.534927581899548144e-01 8.298941454245192459e-03
6.879695458103427690e-16 3.552300372229328700e-09 1.437179872381681643e-07 2.062949904298315636e-06 7.309507305332081477e-03 2.704404658733958536e-02 5.769975093634198155e-04 9.650672383777707530e-01
9.797852248223781757e-02 2.786713030552080417e-01 1.403313214297918499e-01 1.613866834726923050e-01 1.082628437389145382e-01 1.099365345058932464e-01 9.208719593126553360e-02 1.134559538399738422e-02
7.028065526267052512e-03 4.468335753856293446e-01 2.944636169028885808e-01 2.260525303852999046e-01 1.975501212127346671e-03 3.560347039782653573e-04 2.329067567899996763e-02 2.048077782476275137e-10
2.848298970991264625e-02 5.839455540863420779e-01 3.109968874068610445e-01 7.532276601565938978e-02 2.266185512198363951e-04 6.812714348461719320e-05 9.570562112658628426e-04 8.752545019805706936e-10
1.784661920130630646e-03 7.593710571933182107e-01 1.595202788811126704e-01 7.239338082014622200e-02 3.853379638043451065e-03 6.318294786230149035e-04 2.445411969704509598e-03 9.892432098357968861e-11
1.324477218616700675e-09 1.159827334048312009e-03 1.757752895273233381e-03 8.706786288329879109e-02 5.128891111968115757e-01 1.997154443011955327e-01 1.946537138819766366e-01 2.756286182913949331e-03
1.941167290112864027e-14 8.835372803597551841e-08 1.563391188821538890e-06 8.117053733534639439e-04 1.705131815967913730e-02 2.333753293744105783e-01 2.269678131893851369e-02 7.260632140286836789e-01
7.522661451213856487e-02 4.900189650940327546e-01 3.392722267792606661e-01 9.487280162470063116e-02 5.704406174796176286e-05 2.652928058576769691e-05 5.258186362525411580e-04 1.128100902634520778e-11
1.128100534610464090e-13 1.730599682407356048e-06 8.675084052129106797e-06 1.764298573023245634e-04 1.129591035031220075e-01 6.192153534240242285e-01 1.201789094949112791e-01 1.474597980367921002e-01
8.879905588351268627e-06 1.559533928120831192e-01 2.936983986758777698e-01 3.907493875934195948e-01 7.834533615422918651e-02 4.654671419853218667e-02 3.469770701068774360e-02 1.836495820711129149e-07
1.307874322832168567e-09 6.446108606023455683e-04 1.283834473030958127e-03 2.455535025433390819e-02 2.375272417964353344e-01 6.144148255314842988e-01 1.109197220651641502e-01 1.065441371107401364e-02
1.170868686898618727e-01 2.602589969845443552e-01 1.650671352546670689e-01 1.770738994127855070e-01 1.049049668832723325e-01 8.629689276577121038e-02 7.414020388730206690e-02 1.517103612179579973e-02
4.083830117170366147e-01 4.818882035140764075e-01 9.830824176661279168e-02 1.137866543163584473e-02 1.801645279381925913e-05 1.453276631217224096e-06 2.240784106027289736e-05 1.529730344588541605e-13
1.797659630667035117e-09 4.011976080581265290e-04 3.559087079105427345e-03 1.516527623797544674e-02 3.890203499290145750e-01 4.783194580054152545e-01 8.558015779131143697e-02 2.795447155146048995e-02
3.650291978673764204e-01 4.302469008132933093e-01 5.720542860836871912e-02 1.469568712121982201e-01 1.830529763197286507e-05 2.800186435586652902e-05 5.152943229261482952e-04 1.385202112327835000e-11
4.632504270622027904e-10 6.388569575685187647e-04 1.363080481453182681e-03 3.657179974307973869e-02 4.367699052854498443e-01 2.611219430395577690e-01 2.591060471008280186e-01 4.428366928811921024e-03
1.333494090340425478e-13 5.390325499167104716e-07 2.139519849956248441e-06 1.268338322655049527e-03 3.952546624353386884e-02 2.186430021728660300e-01 1.138636005088662501e-01 6.266969141995430981e-01
2.122754471090226164e-02 5.812987918083797334e-01 1.579835972987612136e-01 2.363530456060923268e-01 1.942636470291805254e-04 3.191445893832555716e-04 2.623611598127456503e-03 7.413281413509967159e-10
7.491082810980118503e-09 5.727878304615865865e-05 1.835221334667065543e-04 3.611757280462174480e-02 2.585745055293257356e-03 2.018924622394741020e-01 7.471282376311798590e-01 1.203517386183020586e-02
8.539512043642531747e-02 2.606112187496015253e-01 6.451824264563826850e-01 8.558801942301134252e-03 1.504452074701796813e-04 5.235749781025287241e-05 4.962970887033024838e-05 1.144290953492390784e-12
4.215126037736499631e-02 6.355185367077830216e-01 2.405421718174510504e-01 7.999234632077656393e-02 1.479824537399105060e-04 2.880525536606334390e-05 1.618897053314643066e-03 1.420367963499745564e-11
1.579636815985805723e-21 1.023390521943353212e-12 6.732614767581813506e-11 7.973503590042823024e-09 6.206767230286020691e-04 7.899983530035987718e-04 4.067872945232416581e-05 9.985486381526607058e-01
1.190994170753940842e-04 9.381518730980112353e-02 1.323964474441800265e-01 6.595849407205481851e-01 2.606057858737770294e-03 2.096826677583682463e-02 9.050880628584410947e-02 1.194187976759184981e-06
1.082761011384170431e-05 7.235078280835453846e-02 3.063553662052501125e-01 3.765128887077768272e-01 1.104791439131137670e-01 7.599720474034345197e-02 5.829026673239075251e-02 3.519282656263699248e-06
2.221919351216024896e-08 1.267637345470787021e-03 3.581370847363306536e-04 2.515617382346012690e-02 2.046420574051416585e-01 7.414709821843744608e-01 3.967949882994892610e-03 2.313704005463447511e-02
9.200136063710903089e-01 6.897498052809089564e-02 1.035763582665190363e-02 6.501795481192840882e-04 2.696398339760154724e-08 6.916579571689110526e-10 3.570070406328517846e-06 9.869650537737585382e-17
6.597609897147244006e-10 5.605391544570625316e-05 1.176134043918872132e-03 3.778167625164077434e-03 9.253911243781609564e-02 7.512733345009342534e-01 4.160133349294541094e-02 1.095758633240149355e-01
1.678908545340467551e-16 1.002975985694400574e-08 3.007913782707486070e-08 2.411848571078346849e-04 3.236398525532747233e-03 1.265767296653356501e-02 1.444630108133180581e-02 9.694184024605937422e-01
1.837411233691423121e-15 2.357077812854953749e-07 5.329221738498985438e-07 3.229843279867193910e-04 9.249664643816388546e-03 4.022948671705988549e-02 8.040301720390184703e-02 8.697940784772802969e-01
1.232620044461527378e-07 4.606260921250451834e-02 7.416830506866388395e-02 3.998766229146319406e-01 2.567285381002479827e-01 1.462499308911678897e-01 7.689125778946388767e-02 2.261276131563541797e-05
3.847979465165615391e-08 2.172165121891331003e-03 3.738413891958863866e-02 1.709823741461743707e-01 8.195864335546768076e-02 4.591404495160286703e-01 2.475357797406175786e-01 8.264107204372139791e-04
1.017102145754768125e-04 2.873946401764583269e-01 2.683384329212843422e-01 2.648321988699253726e-01 1.038754934742902453e-01 2.335549828587144688e-02 5.210185190734986649e-02 1.741502447005329008e-07
6.983879035829910756e-14 2.111332894988031438e-06 1.830366468025686483e-06 7.514344774307765967e-04 1.025805806008494858e-01 3.661041939421046942e-01 1.041609222437382513e-02 5.201437570558091750e-01
7.868315198297805291e-02 7.334684391449793894e-01 1.720379083708277190e-01 1.549185081685834631e-02 3.135030034742240248e-04 3.407786479737299389e-06 1.738894360686748971e-06 4.160386814886781426e-14
3.680286474432246588e-03 5.700307774406037087e-01 3.496524514358613778e-01 7.472998219793132446e-02 1.217806732515172748e-03 1.874458495759634316e-04 5.012497370691863362e-04 1.320113367711939144e-10
1.822335841354988037e-02 7.559457563291577253e-01 1.966493513059113796e-01 2.880028915342467549e-02 2.452810960565155233e-04 1.929685042671934380e-05 1.166668484207578267e-04 3.052351513281838836e-12
9.797852248223781757e-02 2.786713030552080417e-01 1.403313214297918499e-01 1.613866834726923050e-01 1.082628437389145382e-01 1.099365345058932464e-01 9.208719593126553360e-02 1.134559538399738422e-02
7.255998482156212962e-10 1.452050968451838557e-03 1.018637319373158837e-02 7.622356544813899126e-02 2.124037152808755935e-01 6.056049237760645632e-01 9.391084326517747105e-02 2.185273419600122443e-04
1.021536726639218906e-01 2.437768296203186302e-01 1.922444074531061142e-01 1.254096819867438206e-01 1.269901248462732002e-01 1.503842602128668549e-01 4.619650972253724897e-02 1.284451349423276247e-02
2.198027146908379580e-04 7.028247488518582498e-02 1.892170934398633986e-01 3.386436212726452455e-01 7.674515923671230977e-02 2.056992183805874397e-01 1.189799451594192314e-01 2.126849108959091958e-04
5.213106144141058801e-03 5.260917117178234292e-01 3.160846285082634655e-01 1.423510433340060277e-01 2.141343855079129877e-03 8.002282515263855990e-04 7.317935566928925051e-03 2.622232405905612030e-09
5.159528912625944159e-19 7.247144291522021572e-09 1.838221178667116575e-08 7.138929724698942316e-05 1.922020830695687910e-02 5.863327054455012149e-02 3.070823445829831038e-04 9.217680238773188206e-01
7.252418590683515832e-08 1.705347004862240020e-03 1.882727517515096153e-03 6.115132409073502640e-01 7.966908425199047128e-02 1.271582391834255761e-02 2.921230656963543226e-01 3.906381793802666180e-04
8.938625153649552889e-04 1.461004680805647882e-01 4.000116990840634768e-01 3.585533328634517014e-01 2.184671866245439104e-03 1.393882347702524865e-02 7.831661820250039596e-02 5.239107834448375823e-07
1.170868686898618727e-01 2.602589969845443552e-01 1.650671352546670689e-01 1.770738994127855070e-01 1.049049668832723325e-01 8.629689276577121038e-02 7.414020388730206690e-02 1.517103612179579973e-02
5.373063187976290220e-09 7.717674455178013876e-04 1.740615845938349362e-03 9.133879766451373505e-02 4.048832163153369135e-01 4.072629596391366680e-01 9.020592055482377913e-02 3.796717161669531729e-03
2.527014054515754809e-11 9.116752277886916108e-05 2.749673290467181887e-04 1.591078174278628965e-02 1.361160707129744907e-01 7.282609724141065888e-01 1.169079388335766273e-01 2.438101419460181676e-03
2.936886319900070196e-11 7.084649903551391360e-05 1.282192787181612352e-03 4.960292305063253998e-02 3.169532145543025193e-03 3.263690374937544547e-02 9.126029314246211221e-01 6.346703142420734908e-04
3.215647749526161954e-11 3.844856623646311498e-05 1.742859393417824879e-04 2.777003393058807140e-02 2.196515366136761738e-01 5.470157739981306166e-01 1.519965109456500596e-01 5.335340997422049342e-02
1.910480642000348880e-02 3.934026978249501871e-01 3.389630649653269656e-01 2.466578767282824602e-01 3.043128977203687956e-04 1.737474242269408569e-05 1.549866365946055364e-03 5.534831043160875739e-11
1.634404252611376370e-03 6.449149912757786707e-01 2.485632322451112874e-01 9.633967492161372992e-02 3.080556230395508580e-03 4.796342845500656780e-03 6.707970492780791164e-04 1.179712508524205632e-09
2.332647999230830493e-01 6.895581212942890614e-01 7.577978716689333372e-02 1.380156246622927163e-03 1.694669039484381971e-05 5.412322460573040597e-08 1.345554917227398989e-07 4.347096085981476545e-17
5.563151958441402423e-01 3.567453866439428967e-01 8.542274592314239023e-02 1.515586382206426637e-03 3.396274943737650337e-07 7.201341220969174775e-09 7.383777331709502080e-07 9.648093468018658699e-18
9.797852248223781757e-02 2.786713030552080417e-01 1.403313214297918499e-01 1.613866834726923050e-01 1.082628437389145382e-01 1.099365345058932464e-01 9.208719593126553360e-02 1.134559538399738422e-02
2.001220436924058127e-02 4.972820302948712801e-01 3.642640212570444347e-01 1.160506090853222344e-01 1.810356603909536472e-03 3.117783079430121499e-04 2.689997664618179679e-04 3.152070575789020322e-10
2.858972837742131839e-07 1.135586001203515126e-02 2.754288352872853382e-02 1.526742458384578172e-01 3.105886713942193067e-01 2.335288117967846688e-01 2.639795311588876148e-01 3.297103736037489434e-04
1.268716918192032857e-05 6.236704371260783780e-02 3.501089332312166263e-02 4.888681674781499287e-01 6.632088397428882731e-02 1.011851330935262805e-01 2.458966373084028323e-01 3.385539407203860926e-04
7.841146588336189022e-03 3.152465323146274589e-01 2.657262267620525975e-01 3.579135436998511222e-01 8.616153742738234507e-04 1.563663709350766873e-02 3.677271363026808626e-02 1.584537083241819416e-06
9.797852248223781757e-02 2.786713030552080417e-01 1.403313214297918499e-01 1.613866834726923050e-01 1.082628437389145382e-01 1.099365345058932464e-01 9.208719593126553360e-02 1.134559538399738422e-02
5.919821024987429597e-02 2.345900819898490419e-01 1.625971870251544937e-01 2.345198850389301204e-01 9.379628586367730336e-02 1.273512335336078605e-01 6.029073237015385167e-02 2.765638392875354942e-02
8.539941320418256709e-03 2.870591696874272847e-01 2.032014302680780760e-01 4.746030965258241641e-01 7.951840703502641508e-03 8.057699645999104885e-04 1.783872699602822090e-02 2.453412158928015177e-08
1.432829663704927436e-03 3.467438533530939893e-01 2.618957574872774474e-01 3.461269396720798586e-01 4.116473591285155914e-02 1.489653436042763382e-03 1.146225074567356911e-03 5.400381763311965309e-09
3.482052256274249802e-02 5.768915851739890854e-01 2.834924436353021826e-01 1.031378615586939079e-01 2.293478007478848540e-04 1.668791715395549191e-05 1.411551274745370590e-03 7.662528164316917458e-11
8.976723371998299620e-06 2.133876361519699769e-02 4.500398924504891290e-02 1.081494871327523949e-01 1.923595125379653215e-01 5.648808248450026825e-01 6.128165718843271714e-02 6.976788712231632439e-03
5.119699991271236227e-03 4.548404192928551248e-01 3.741958564469861637e-01 1.481541184282601231e-01 6.830146917157511877e-03 4.721690533318472784e-04 1.038758866320640961e-02 1.206931599413599237e-09
6.213907060437945160e-07 3.805924335644890466e-02 4.801359120489200050e-02 5.136487170148837933e-01 2.979376409559070238e-01 6.193872171179884423e-02 4.039538431528501977e-02 6.080050078008356817e-06
6.463453621942603089e-01 2.923392299924519877e-01 5.891641638748484205e-02 2.398079264226500931e-03 2.992369271043969642e-07 1.487908631501798495e-08 5.980455627909175768e-07 5.815530334546949485e-16
2.046847444322065501e-02 5.443477520294844885e-01 2.948666416385303246e-01 1.318128261695177550e-01 1.125018817768458834e-03 8.426458571349467797e-05 7.295022306136815515e-03 9.627971352444690489e-12
1.873268820934541910e-11 2.934213400864997957e-05 1.690868225344621591e-04 9.084945655089717367e-03 9.044238268563559169e-02 6.977586764649480466e-01 1.347683255930188229e-01 6.774724062603107444e-02
3.631035554597056220e-06 2.167237304864356312e-02 4.054490089123756469e-02 3.151796568166972956e-01 3.352616160614304008e-01 2.097557693266330625e-01 7.740276395146183930e-02 1.792888683421707866e-04
1.284293036041801557e-13 8.090930409518393684e-07 1.207742280590005404e-06 4.879252931192929995e-04 8.924236980046847817e-03 3.262246078599773669e-01 4.684512539203823656e-02 6.175160876393717135e-01
8.653753511975065260e-02 2.892877018913609932e-01 1.801509851332102341e-01 1.187052322671073995e-01 1.144832866470068128e-01 1.610132841511920376e-01 3.994747498206292768e-02 9.874499808309688403e-03
1.440505140966164832e-01 5.222934218978699805e-01 2.864241944617105795e-01 4.703405000758406618e-02 7.511636132982448521e-06 1.809747863608713127e-06 1.884981480912226311e-04 4.131489691574463516e-12
3.634155741534528322e-17 7.573009755892315229e-09 4.015844979122333158e-08 1.517521497188726687e-04 1.471078750599857238e-03 4.089754636111311847e-02 1.130119787785384688e-01 8.444675962285671522e-01
1.342988913009598504e-05 2.184814408459074403e-02 1.155108765072947359e-02 4.999502322241283769e-01 2.297374159262357066e-02 2.247806118071660475e-01 2.187893368769630309e-01 9.341587466992795662e-05
1.944185700226143676e-01 6.770877673054152002e-01 1.182064317241538903e-01 1.023122068210780868e-02 5.000971800083221243e-05 7.337604804337674465e-07 5.266787062320339381e-06 1.651703108183096248e-13
4.235639701655483308e-04 4.640640848909211580e-01 1.487028053787814719e-01 3.636239136371772207e-01 8.288347474171297441e-03 1.493113084246231641e-03 1.340414955654580832e-02 2.200799232370304256e-08
8.503169781914431125e-02 2.701784010827106286e-01 2.340878857077051123e-01 1.489481266253775693e-01 9.090022586756207890e-02 1.052721555215257593e-01 6.328857610300588077e-02 2.292931272969490984e-03
3.718573960445591680e-26 9.544287803394756731e-16 3.956406300725046285e-14 9.758218504247149522e-09 9.614732577813679113e-08 1.261360373317834977e-04 5.303680305556434662e-05 9.998207212540316524e-01
9.319649386073866536e-13 1.152952500564405534e-05 1.088960359555170938e-03 4.094844135985029748e-02 3.440013279195062307e-02 3.012421340295321492e-01 6.198723695148420365e-01 2.436432418333155103e-03
4.716854031489852182e-05 5.070487325164230868e-02 1.027137918556037394e-01 5.259833334473751343e-01 8.170120577527893724e-02 5.623841471065680470e-02 1.823845777642881805e-01 2.266346548402310029e-04
9.435099220324079383e-02 2.619098149355626459e-01 2.211170009427877448e-01 1.351337161055857772e-01 9.704005665231653366e-02 9.688895382552119295e-02 7.080430945201862669e-02 2.275515588296639011e-02
9.435099220324079383e-02 2.619098149355626459e-01 2.211170009427877448e-01 1.351337161055857772e-01 9.704005665231653366e-02 9.688895382552119295e-02 7.080430945201862669e-02 2.275515588296639011e-02
3.747398194283430364e-03 3.769632082912003912e-01 3.662312914878705916e-01 2.434680644065357336e-01 1.918759241498172287e-03 2.918133513178037663e-04 7.379455482656179822e-03 9.544637753674433828e-09
2.141375137949957049e-06 6.525055489235158379e-02 1.674302227438398127e-01 6.139450447256872279e-01 1.082471532656841817e-01 9.285615301302223290e-03 3.583908052775316988e-02 1.871682437785934596e-07
3.465580603264715679e-12 2.580716523274525695e-05 2.604653612149702415e-04 3.704232351922530364e-02 1.259392696308481996e-01 4.274744219846838278e-01 4.028983852507818653e-01 6.359327084550938855e-03
8.297168503773886053e-04 2.297261213213226128e-01 4.715508028737580015e-01 2.937670058499983750e-01 2.124355266047609804e-03 4.604647056573859328e-04 1.541532863625776116e-03 2.692133266671928840e-10
2.367034731088474005e-04 2.476707319287763109e-01 1.742725944091600976e-01 4.748886031476952096e-01 1.035740947374538118e-02 8.872978625082624665e-03 8.369974131565623143e-02 1.237626775504078889e-06
4.703043748887602893e-13 2.794151574707884914e-05 2.043784997462985838e-04 5.851481891997904750e-02 3.495400902935359710e-02 1.563831076749613580e-01 6.751793549136599903e-01 7.473638944608393397e-02
3.351466676893775226e-02 7.594688831098717063e-01 1.924658844538475189e-01 1.427171788412219013e-02 2.597541507345014935e-04 1.012898238885604790e-05 8.964649998038109707e-06 9.876778535341131970e-14
5.780540267306229930e-14 6.192632682319759841e-08 4.674566258093212052e-07 7.495002109986024369e-04 1.357341379310656696e-04 2.769367041424194431e-01 7.093815834118597508e-01 1.279594871379180834e-02
2.991767601291499346e-05 1.318311303380309829e-01 4.266418762764805916e-01 3.267308570010619695e-01 1.010153989153607552e-02 5.829386647737096368e-03 9.883497658825519949e-02 3.155808850948871769e-07
2.159814144372361206e-03 2.303152470380045447e-01 3.078544811321647368e-01 4.131315670175486621e-01 5.266577401600347312e-03 2.136752717004163950e-03 3.913489758846908778e-02 6.629608360260521564e-07
9.399337065787341516e-02 6.486534501643205219e-01 2.435117751486174098e-01 1.359970284893219708e-02 1.996204495829561666e-04 4.493461816119970174e-06 3.758726864674360861e-05 2.105638286324500642e-13
5.142595868574328179e-05 3.909324478333681130e-01 2.223504867886301473e-01 3.595338206001753578e-01 9.025930474810931609e-03 4.182198707160436797e-03 1.392365646297650389e-02 3.317419330979751119e-08
3.125222449186340424e-14 2.073871040206574119e-06 4.091813981530567190e-06 2.748463371776809459e-03 2.363829716677071646e-01 5.086601970707858023e-01 4.536085386838180876e-03 2.476661168178395100e-01
1.779800930937067548e-07 7.156944721988083187e-03 5.303020299413071376e-02 9.203704569439816185e-02 7.227629878337543667e-02 4.516668774974186285e-01 3.232117181103718040e-01 6.207342182247332701e-04
8.468423265694230819e-04 2.195786349794308923e-01 2.446913173266613006e-01 4.456428462607389118e-01 1.495352009103691898e-02 1.213379570035398071e-02 6.215218311223555392e-02 8.602029730720554233e-07
1.608627890698553127e-05 2.124145389988412458e-01 2.341751234462474407e-01 3.285456432110901992e-01 1.511969210924293816e-01 6.120305336387757422e-02 1.244791944488793031e-02 7.141637199644770050e-07
2.907108506189966470e-17 1.006910097575332435e-08 1.263903758324157188e-07 8.293978393280313942e-05 6.961036548729372143e-03 1.224779801088067555e-01 2.366665844577297857e-03 8.681112412544764734e-01
4.079324045877791966e-04 3.856813397296401380e-01 2.171452240583509885e-01 3.595488030090717158e-01 4.344153370420291566e-03 6.896986876242907141e-03 2.597554602418702605e-02 1.452749836367993036e-08
7.858438459848906451e-06 1.424679243917921848e-02 4.151585473491804096e-02 1.839153593939046871e-01 1.168922955181473655e-01 3.746745161164307114e-01 2.658387067499685674e-01 2.908616608990364800e-03
2.199037789994786642e-04 3.346850785776742665e-01 4.513788418601432095e-01 1.413003422462851544e-01 3.964082481182828327e-02 6.745053532256467185e-03 2.602990486100166534e-02 5.033181165581438553e-08
1.139921844256763795e-07 9.680597319984399207e-03 4.042527109422738851e-03 3.510351855509210584e-01 1.183301117043441542e-01 9.169369279865439981e-03 5.036995953110346980e-01 4.042499732242097431e-03
1.229073025960179233e-07 4.804766312367764712e-03 1.044792690789059057e-02 1.500382221321710507e-01 2.298697724173665025e-01 4.996130615307176059e-01 9.351460157073560042e-02 1.171152622144761013e-02
1.206894483236787847e-03 2.622423738576307173e-01 1.642355723182259697e-01 5.557094639504811528e-01 2.368040966807670455e-03 1.362626763907992501e-04 1.410139139787724982e-02 3.493492041920981377e-10
2.334854327151195813e-03 6.086898453491291772e-01 3.021196217494765413e-01 8.161594487980715351e-02 2.835736100380823604e-03 3.175242455054659639e-04 2.086473292097815267e-03 5.645200855699449776e-11
1.123602700144024288e-02 3.655154462918432934e-01 3.878539134390467796e-02 5.607510089388489938e-01 3.495690016657925121e-03 6.497313726693197157e-03 1.371897970484108227e-02 1.429757675908443891e-07
2.940673158227314898e-01 3.638556613154232955e-01 2.486259155620894612e-01 9.309793853375417094e-02 5.633700973770949891e-05 2.452457817246056550e-05 2.723071709184464494e-04 7.171254060614487116e-12
2.697864798089911851e-13 1.182754705494837330e-06 8.049990319129202529e-07 9.649151352420124676e-04 1.412397289203580208e-01 1.883511483709054413e-01 1.913621709768044757e-02 6.503060027218083849e-01
9.326334959690901760e-03 4.705180778130461650e-01 3.835213928541133521e-01 1.313938056926950426e-01 9.693734869312208664e-04 1.997956183680119134e-04 4.071218225186785597e-03 1.349969158191503825e-09
1.138451184028921176e-01 3.064520712289889315e-01 1.796376895899889359e-01 1.129669661678878861e-01 1.198622438323031780e-01 1.434331866668170641e-01 1.672029717641081159e-02 7.082426934710393460e-03
1.376409827133209001e-09 2.011241435060435578e-03 1.265181054823848530e-02 4.380124111187593677e-02 3.654291333779908779e-01 5.358601717083412153e-01 4.013791872269669575e-02 1.084817193836068769e-04
8.537479897596922989e-07 1.295734849191627902e-02 2.894401472548076976e-02 3.250638042143945694e-01 6.344854102838462517e-02 1.631571985246572376e-01 4.054171136308613588e-01 1.011125636314099156e-03
1.799647329978528446e-05 1.035375304336133562e-01 3.538928401215124531e-02 4.800832336779214393e-01 3.195779276997723906e-01 3.924013951541143602e-02 2.214118274250286011e-02 1.270544532581108776e-05
8.883143961999742224e-06 1.255761140961684785e-01 5.740027756346153393e-02 4.109922562701678883e-01 2.831706674105248789e-01 3.305221987117674259e-02 8.975887571344508264e-02 4.070593109162283984e-05
1.638728631779209129e-09 2.110773501281607836e-04 9.755642171940581480e-05 3.975374366802818249e-02 3.212316126704679170e-02 8.150975745802035988e-01 1.082817020885929737e-01 4.435182985551267519e-03
2.748202950222031785e-11 1.244185283562613306e-04 8.537924623234341751e-05 3.086895658057188865e-02 2.877405376539194370e-01 8.240027095207691499e-02 2.752576895387727762e-01 3.235227474725886343e-01
1.184896263493269546e-10 4.772233121597885047e-04 1.163247592209836791e-03 3.986092955016760225e-02 3.133859482194157331e-01 5.500928956931111502e-01 8.456991241632963452e-02 1.044984309811664014e-02
6.124726755488473309e-05 1.723358039125204855e-01 4.266790962060006409e-01 3.247135631755183049e-01 4.073927064653350139e-02 1.196192698463831132e-02 2.350621231616680656e-02 2.879491067022169411e-06
8.714624550154082688e-03 5.828120194615060701e-01 3.018575578200075049e-01 1.031817512529762670e-01 6.997636342909763522e-04 1.478773979737527556e-04 2.586405720416292547e-03 1.626748684727078040e-10
6.365503729166695294e-08 2.347165031552317371e-02 2.674683900044230733e-02 2.929937841715948843e-01 9.430124782484028412e-02 3.351480351326497908e-01 2.271956913214920049e-01 1.426885784190949830e-04
4.926736015216927843e-05 8.528475977668953378e-02 7.238756231676389541e-02 4.527946709469182207e-01 8.549420843110329404e-02 5.532877534716389850e-02 2.486354564749971019e-01 2.529934621215383102e-05
1.091606968793479071e-04 2.532281255936705833e-01 2.225679232507249417e-01 3.540486395718432933e-01 3.937260005661392254e-02 1.098827987922260281e-02 1.196827251897853162e-01 2.545761260051120892e-06
7.544719581590521029e-01 2.270071139845553088e-01 1.666819764877678148e-02 1.852286958883279065e-03 2.715079980099424308e-08 8.068752414611796923e-08 3.354104070914987798e-07 1.584790419571916529e-15
3.899432482448963455e-01 5.076784363455022486e-01 8.740106382994589085e-02 1.493199884535196566e-02 2.554533902928889482e-07 3.798125096933762433e-06 4.119915535905474600e-05 4.573032930273170408e-13
1.933585698348802507e-07 1.232831174315285848e-02 3.855328191303269980e-02 1.080711997580113271e-01 3.932239225275886430e-01 3.514611562679603174e-01 9.632685957189100756e-02 3.507485979329822714e-05
1.013184578348283850e-03 3.358793927308479366e-01 3.342467494897398139e-01 3.023018830965145121e-01 2.257543938756797867e-03 1.049675296593785036e-02 1.380403249107653788e-02 4.607087786981636394e-07
8.457030444103955693e-09 1.656309962529783865e-03 2.064925229786431643e-03 1.971075918542183059e-01 2.103048272621232395e-01 2.258397280138003393e-01 3.191123434161671213e-01 4.391426580434439064e-02
9.950799349024740392e-01 4.044396403622182133e-03 8.638244426283364511e-04 1.183217344554356825e-05 1.527196334109580157e-10 1.491101075957059634e-11 1.191019866243832321e-08 1.235384677747092497e-19
9.641091222815547496e-06 2.331498023140296527e-01 3.558039009628897742e-01 3.143974529009659902e-01 1.413928196423501482e-02 2.836780617056483393e-04 8.221525854489447616e-02 9.841600592760261157e-07
2.419461475554514769e-05 4.267169615088119844e-02 2.173697741725445498e-01 1.894614817214130276e-01 4.729434944505119670e-02 4.129660559066687386e-01 8.988420868241313311e-02 3.282393062727158740e-04
2.652542507053885003e-06 6.927438508081554258e-02 6.687064496600109154e-02 4.569231570241349405e-01 2.011342432128428726e-01 7.039668752688094111e-02 1.353825319922443149e-01 1.569765457298033436e-05
8.308547649014348668e-02 5.959007969562383211e-01 2.249555235579225876e-01 9.518214044375140903e-02 4.737466356277970198e-04 8.269623385869129503e-06 3.940462852531008181e-04 7.677321750577329706e-12
1.754287832213530381e-11 7.525061449823707081e-05 5.053281515513064273e-04 1.006876006596704905e-02 7.180495491218027992e-02 8.848816018823848495e-01 2.981808646215844405e-02 2.846017893716907936e-03
5.060789239712427945e-02 7.492625575983712372e-01 1.902251030323557357e-01 9.646347810789074328e-03 2.455459543099488347e-04 2.800508100583475117e-06 9.752698918780780061e-06 2.965816245256260939e-14
1.726378257832977102e-14 1.432322808740624194e-06 3.389767119863565737e-06 1.000047361520115842e-02 4.514910246181640940e-01 4.736581521001353989e-01 1.229413487986678877e-02 5.255139269668929886e-02
2.302730883708180385e-19 5.418972853595888288e-11 2.597255523169069219e-09 1.393598226514298509e-06 5.828127117732274237e-04 8.507866066973460151e-02 2.133132819007661603e-05 9.143157990406240998e-01
8.704260759133158122e-06 1.282373757379170510e-02 7.152480256299198480e-02 7.819395020573844945e-01 7.284541957164531942e-03 1.466667117492726283e-02 1.117510876712442119e-01 9.527417297394661872e-07
2.333352094225233653e-01 5.268077410374727432e-01 2.121939312523328791e-01 2.760483639196331315e-02 2.723043375670987994e-05 1.889784282506525114e-06 2.916167762232994238e-05 4.607242774996077104e-14
3.776285641993139958e-02 2.842685083605085428e-01 3.791802185224684152e-01 2.978884342137324559e-01 1.175602106261033566e-05 2.523941665754435238e-06 8.857024927979244679e-04 2.783829074953902911e-11
7.983976836662394494e-02 2.655999306235918844e-01 2.152042477998848402e-01 9.834120391541152639e-02 1.389555705274665154e-01 1.603906412991272790e-01 3.116879733978812975e-02 1.049984012810491196e-02
2.393979715310095291e-01 5.341655666199306429e-01 1.899884631258981493e-01 3.566918878565293605e-02 2.955731840392816754e-05 2.284627978451348455e-06 7.469679906033446521e-04 5.229538630701428365e-13
2.185649523321051002e-02 1.800044969525312899e-01 1.501649492422906240e-01 6.089003664559488049e-01 1.430647086377451747e-04 9.213439119412613612e-04 3.800918443094784827e-02 9.906449339505404358e-08
2.915137981574899021e-07 1.526250491060023549e-02 1.696122823531895363e-02 3.355811646064719156e-01 2.458962340797473181e-02 2.189697650986966934e-02 5.835541459755738680e-01 2.154064840393579185e-03
1.718679360192288062e-07 3.962161079150549464e-03 1.117685885889179581e-02 8.374483324715868704e-02 3.894268784036634679e-01 3.424105770627693390e-01 1.681153067061080253e-01 1.163212774322097166e-03
1.191767299804367110e-07 3.633414908782237572e-03 7.521323085363196444e-03 1.478164398678219194e-01 3.777654365601061381e-01 3.550872022516315396e-01 1.069884058602059845e-01 1.187658289358552600e-03
9.999739777342807612e-01 2.393653250814598956e-05 2.085173496691667999e-06 5.597078251251681981e-10 7.921134277937813081e-16 1.302707091235975756e-18 6.600957685270350819e-15 9.778968007053761562e-31
8.021083135745172843e-01 1.848581058173237313e-01 1.017460268295636294e-02 2.857772013665893247e-03 2.243208163221104651e-07 5.306254632542533112e-08 9.285281728923786476e-07 5.934773579061873261e-19
7.594852554605807367e-18 2.333102674187309609e-08 3.185841532204525684e-07 2.376635859612743118e-04 3.709985741101261975e-02 5.946193106027167774e-01 4.988763195050409209e-03 3.630540632900791653e-01
3.930476695042607257e-03 2.266189837563807041e-01 1.794214550777042116e-01 5.237828131252854069e-01 1.945280781053647379e-02 2.030053977395102766e-02 2.648938755919678228e-02 3.536201902377030496e-06
5.958170933843719452e-07 1.951761254750133262e-02 5.882909307765503415e-02 4.165692160089373708e-01 2.884729550219391481e-01 9.046797391856897796e-02 1.261202418136398440e-01 2.231179466508622034e-05
2.941231997811687922e-15 1.062415041140148898e-07 7.995367087387036744e-06 2.104277156997692616e-04 3.021454915984820438e-02 5.984001359902771933e-01 3.464706223320181046e-03 3.677020793022603984e-01
6.783189920084573866e-04 5.231011317031237784e-01 3.067719301597173209e-01 1.382624590971461009e-01 2.037246669114843589e-02 3.979204065008250593e-03 6.834398129111642593e-03 9.116273590225513983e-08
1.164478931649926552e-01 2.478023068448714228e-01 1.292511212075599103e-01 1.950627699557523076e-01 1.153567557768434282e-01 8.265219470217059772e-02 1.072950878613889714e-01 6.131870486420562018e-03
7.861080890584375326e-13 2.963891793745236414e-06 1.749342131414478600e-05 5.142572978833595543e-03 3.122836594696560761e-02 7.289079937409559395e-01 3.767461636454642881e-02 1.970259936548040547e-01
2.112447353337923717e-01 4.779484445687759986e-01 2.694942984464029356e-01 4.110030360638688290e-02 2.034195546368295518e-05 4.112098537773313204e-06 1.877639892647412216e-04 1.375554220354779403e-12
1.100357137810945796e-05 6.279714586456944247e-02 2.007983016141378363e-01 3.594375403495572718e-01 1.056033503182729621e-01 3.681663465344391095e-02 2.345344710733277549e-01 1.552555312474761399e-06
7.232926333556300477e-07 3.520515549059046595e-02 2.170737345439805246e-02 5.778196005553399850e-01 1.260641299610500421e-01 7.838798229115302371e-03 2.313568162793739891e-01 7.402737501087170550e-06
1.651938893464220126e-01 2.313648628435971688e-01 1.899068465548290618e-01 1.390757968531521616e-01 9.897421770891748349e-02 8.036654272597133775e-02 9.308185081701861319e-02 2.035993150092079654e-03
