7.070400323054346200e-04 4.082720777624614938e-01 3.877315077478002414e-01 1.797775147814645869e-01 6.816494539999382214e-03 1.250871524049073421e-03 1.544447286041406540e-02 2.075150577215959281e-08
8.877276093959085568e-02 2.919413032843451994e-01 1.494194675223330659e-01 1.149645084929226818e-01 7.449611250015809871e-02 1.145804800188464784e-01 1.002819251690440228e-01 6.554344207275908385e-02
2.377529624858039196e-03 3.668395487965253610e-01 3.824512820432237059e-01 2.366859360983577798e-01 4.741711261036222168e-03 7.140671446336935638e-04 6.189918904660251207e-03 6.126704767936172687e-09
7.486857093111568795e-07 2.431222875649538193e-02 3.121914185351019888e-02 1.504229241882773516e-01 3.317993628702721187e-01 3.483533638893778761e-01 1.107960584253109004e-01 3.096171331047457669e-03
1.067379222624010061e-15 3.383678435026847678e-08 1.325541838606709788e-06 2.221827096677267052e-04 9.750544799745467645e-03 3.681457958766498062e-01 2.709612394102182270e-02 5.947839932942914354e-01
5.444999494738970632e-06 2.638268407567262094e-02 6.147226087631348784e-02 1.928861508705876082e-01 2.700674262030062275e-03 9.740058261613820240e-03 7.067751752560375023e-01 3.755139825349844380e-05
4.665700580028865033e-07 6.205574670102098969e-03 3.449274318219367613e-02 1.449374741490702945e-01 4.084219383323388075e-01 2.726578009374375222e-01 1.316499858624305963e-01 1.634016296373212067e-03
4.013247738183080560e-01 5.249018680330019837e-01 6.167666809331687899e-02 1.206274867150073163e-02 5.294703714223259273e-07 2.130464234174974389e-06 3.128144890887370433e-05 3.576243671687109656e-13
2.534745137264281464e-08 3.351764621309760283e-03 9.955860748292849963e-03 2.988328882771160711e-01 2.813491093316196068e-01 3.498508252987210798e-01 5.606303644718001189e-02 5.964899283077579892e-04
2.107922589802985984e-12 3.293372177868840517e-06 7.107171395036117659e-05 2.936886779903756864e-02 3.839947366583999766e-02 2.516181924766089928e-01 4.896421705286777559e-01 1.908969304415935875e-01
5.774625284355799602e-11 1.331328101366432883e-04 5.811868863216810080e-04 1.697640967628943204e-02 1.459601921881721609e-01 6.258754254667600048e-01 1.717460130474647850e-01 3.872763986710817119e-02
1.523039161425372755e-04 6.657281772646338192e-02 2.909513545237109589e-01 5.402698958800671303e-01 7.744312858401109466e-03 8.538446527307468406e-03 8.577057883965662211e-02 2.897282508535769574e-07
1.000615393067225412e-01 2.102337162141093008e-01 1.761351224694045481e-01 1.669826005300759642e-01 8.097426193742646161e-02 1.174530105389623436e-01 7.970570209029453901e-02 6.845404691300405187e-02
8.513142638715482811e-09 4.555651414013621968e-04 5.535269675787389369e-03 1.823237105894359722e-02 3.120067535532251024e-01 4.302745774789686894e-01 1.832110792939902200e-01 5.028437528454124394e-02
2.089340062834635250e-04 5.100254445008158832e-01 2.035657640026952986e-01 2.159628286143988884e-01 2.317957834990000757e-02 1.061807434369791553e-02 3.642702049366930428e-02 1.235568853943015738e-05
4.717609624827138332e-02 4.803355875169508238e-01 2.330722553337124248e-01 2.384606068958908809e-01 2.024290746735682553e-04 1.918990560299462943e-04 5.611257828467419587e-04 9.162227296927645989e-11
4.638810759746736604e-20 3.659982303245709661e-11 8.375853134699164739e-10 7.523443889063315614e-07 5.485736720100704280e-04 3.909424766531165163e-02 4.744152543690109388e-04 9.598820101897354018e-01
4.343941929972298666e-01 4.201810236149302047e-01 1.316757891698288607e-01 1.367274626078096404e-02 1.231388660973645955e-05 1.094967598290647801e-06 6.283910245165890438e-05 5.703946923452381411e-13
1.826461802362905895e-01 5.662230520261237743e-01 2.098250493440131648e-01 4.115456037986654075e-02 1.261164202878033494e-04 4.137523936005499988e-06 2.090405922367878202e-05 1.025877508976462950e-11
9.986134245495759121e-02 2.117687447923164157e-01 1.757566987080085852e-01 1.666301700345056425e-01 8.081171248354956926e-02 1.172145746337966976e-01 7.963596774129454159e-02 6.832078915157097088e-02
6.859360025926828392e-07 1.353960024941859575e-02 2.147091889883325291e-02 2.499674377566671324e-01 8.014815381973737496e-02 1.774265614585842643e-01 4.557697209921998671e-01 1.676920888553594564e-03
4.478923476408809664e-22 3.133821504332960797e-12 5.951475820548407510e-11 1.335316579613203772e-08 1.853644145320619790e-04 5.827737643382552464e-03 5.672962127049530003e-05 9.939301549049990303e-01
1.100799783920098640e-01 3.079872476925690772e-01 1.352495807537095474e-01 1.154483546819837919e-01 6.478444400599762953e-02 1.227744083533059277e-01 8.647220515470972757e-02 5.720378096571469839e-02
9.990649064322046913e-01 8.261676675160969149e-04 1.088154356778217081e-04 1.104268552159463286e-07 6.235539276837105022e-13 3.136505170017773669e-15 3.712003948148419241e-11 2.604409367990653866e-24
2.447673054024784899e-04 3.174025164607274241e-01 1.457092339227584743e-01 3.343026722270676099e-01 4.452989775289472457e-03 1.832110951500421914e-01 1.467667596765480538e-02 4.919105593533346638e-08
4.710962709572032864e-02 5.472528575903596870e-01 3.380833978717919797e-01 6.508369705872406319e-02 3.338986003497326619e-04 5.525530220114232356e-05 2.081265634884958086e-03 8.459676037880252104e-10
4.899872347961552224e-09 1.103529779930295142e-02 1.047271004322151370e-03 2.876694796785073116e-02 2.847058164282342263e-01 4.940324803712750623e-01 1.729810131094235703e-01 7.431168419718656680e-03
4.432511827663101339e-02 4.606518494329218671e-01 4.089595401452102152e-02 1.484288549601379403e-01 7.133787578762461334e-02 6.895344790185244099e-02 1.203740408244239057e-01 4.503285880188674650e-02
5.397209389237299327e-05 1.068469308267198797e-01 1.789154304588724542e-01 4.548552527832439019e-01 4.440356777201871080e-02 2.636150521430884880e-02 1.885618926038774013e-01 1.448247092895476351e-06
5.032010912006859744e-03 3.543492593644247401e-01 3.781006702371457751e-01 2.299990976069232196e-01 4.092151590309602016e-03 7.723676843784138980e-04 2.765443127624118286e-02 1.132857028160987122e-08
5.352809724399307939e-03 1.808857438214201419e-01 2.069445798414938364e-01 5.624048808764017249e-01 4.694817605405162526e-04 1.886596024358170361e-03 4.205571802152180405e-02 1.899298661949639270e-07
7.253464148659468573e-06 7.491133914568946783e-02 2.017743520730074236e-01 5.096485352655594214e-01 3.323133397758386981e-02 2.785008922003339923e-02 1.525750550893975321e-01 2.041764581598603089e-06
4.539865476668677752e-04 1.397791399888686226e-01 3.866085934629703291e-01 4.392284966738833063e-01 6.980726522745672735e-03 3.416090922649599182e-03 2.353283671257204099e-02 1.291686432672642385e-07
8.741082272327474478e-02 2.872680461494501736e-01 1.692846063290094627e-01 1.640007411995584308e-01 8.764050639689507927e-02 1.134598576750234650e-01 4.792725240076706195e-02 4.300816712602185954e-02
1.349972251405820196e-28 2.065427171710330004e-16 9.327800622978176515e-14 1.134153928950060852e-10 4.358048008024304880e-06 3.265240332818726663e-04 2.322290752204875353e-06 9.996667955144493689e-01
5.681233444735246992e-14 4.331347166413739735e-06 6.862358404688607321e-05 9.177886611748927240e-03 8.443173581407351080e-02 8.274378747614070662e-01 3.592493419259119164e-02 4.295461368891539955e-02
8.426506420041005030e-02 1.587946080571461804e-01 1.604579951610707600e-01 2.016598603143033575e-01 9.282155893897302279e-02 1.491558066944878580e-01 7.608170569996941524e-02 7.676340093363916151e-02
9.444061124698640425e-03 8.509170747860620443e-01 7.330015400415744453e-02 6.546774753754390497e-02 5.815181239495861073e-04 6.097647722562251797e-05 2.284678973320231597e-04 4.903044277538751355e-11
5.876144481554805154e-12 5.155927302838706812e-05 7.627738304265966381e-04 2.542188987214339529e-02 1.934399150224622166e-01 5.911550572868075060e-01 1.336859468421226216e-01 5.548285786713250817e-02
4.994607512372663212e-09 1.010604412693219024e-03 5.497587264129105700e-03 2.611947924090457507e-01 2.330625409480485966e-01 2.926697178112800946e-01 2.029618571037201391e-01 3.602895056474689130e-03
8.237619411039195700e-16 1.152498229893789177e-08 1.222380162413423411e-06 1.192334619527928605e-05 2.368109316725383606e-02 7.010898026419444540e-02 2.452457708217644153e-03 9.037443116089916018e-01
1.100799783920098640e-01 3.079872476925690772e-01 1.352495807537095474e-01 1.154483546819837919e-01 6.478444400599762953e-02 1.227744083533059277e-01 8.647220515470972757e-02 5.720378096571469839e-02
2.677229695709622444e-03 7.787762747255160267e-01 5.762634525496999893e-02 1.239890995116014472e-01 1.193620756433248992e-03 3.182513416230119694e-04 3.541917438055684070e-02 4.333588570613388507e-09
2.677510515751037323e-02 6.745761386252331349e-01 2.340592551736852267e-01 6.193508338495698484e-02 1.321694030335352442e-04 5.800914016837030500e-05 2.464234164741288795e-03 4.950671127995680677e-09
1.113707298915188630e-03 7.555204681514431364e-01 1.791070767124651741e-01 5.773625639042594820e-02 3.716180197042665088e-03 4.578242706415071566e-04 2.348471760333862689e-03 1.521872954725050571e-08
8.486422923066760048e-10 3.594391085036988901e-03 3.498844234165373593e-04 2.952444488643177819e-03 8.291256094277985045e-02 1.066125849803351011e-01 8.027690515609124944e-01 8.090816702370409036e-04
2.550845439128239021e-14 2.137964574498025075e-07 9.138514570972516602e-06 1.396336784861466375e-03 1.861529485902826964e-02 4.410399057533089806e-01 5.399450926958150598e-02 4.849446010221654668e-01
2.897492292712361070e-02 8.928210666447038424e-01 4.309921425675312251e-02 3.450470589767092033e-02 3.532842605344919170e-05 8.103834675976378184e-06 5.566580029527690198e-04 1.006613821270444158e-11
1.569777861059850828e-14 3.011615103208097084e-07 1.572150492706210905e-06 6.605793736556900264e-05 2.448449428418353682e-02 1.311876549788365265e-01 1.511801087895260111e-02 8.291419086086421197e-01
7.752144628084668107e-06 2.417731649220772605e-01 1.058292685657422211e-01 3.340469106533212607e-01 2.798749718760005709e-02 2.502474489257039969e-01 4.010732584701526965e-02 6.317539117711557640e-07
2.701490065743890271e-09 6.948723908653216437e-03 6.797984092497304709e-04 2.659021391831286815e-02 1.605325565707212965e-01 2.147922025320601058e-01 5.847787411507513466e-01 5.677760808761035151e-03
4.432511827663101339e-02 4.606518494329218671e-01 4.089595401452102152e-02 1.484288549601379403e-01 7.133787578762461334e-02 6.895344790185244099e-02 1.203740408244239057e-01 4.503285880188674650e-02
3.806850329757149320e-01 4.616275840382369489e-01 1.418535126412298342e-01 1.575514626189180797e-02 2.540260544800861429e-05 1.855131432098130801e-06 5.146634504656822002e-05 1.000298433213398802e-12
2.135810964457565092e-09 3.541427964291702789e-04 3.267608147360650996e-03 9.744482739952174677e-03 3.332511181748133988e-01 4.800252348751932741e-01 9.302850782284433073e-02 8.032890330759609454e-02
1.648225205169233654e-01 3.860097733459625369e-01 3.620705079626865830e-01 8.512080488261873634e-02 1.653578406372577031e-04 3.288495824016948320e-05 1.778150467804426966e-03 2.512696464301399975e-11
3.423725210626609774e-10 4.582697772825800151e-04 1.597695887407474865e-03 1.301370816025704431e-02 3.888196963724397937e-01 4.651255846539927297e-01 1.219991454484253418e-01 8.985899357822521930e-03
1.983193792721322475e-13 2.728472506463306916e-06 4.226620007102018928e-06 1.235120153357542518e-03 2.424247405668296038e-02 1.187232942036610811e-01 3.103510492831869083e-01 5.454411072103995117e-01
9.348387219168171128e-03 5.073359400403679720e-01 2.524891555539594545e-01 2.269047389759611122e-01 9.451454048684974430e-04 6.081108237232338591e-04 2.368512588417818511e-03 9.393533934699081805e-09
3.606832135761471702e-10 1.485230769027322639e-05 3.770911704875969388e-04 1.013778099829415122e-02 2.296121701768545544e-03 4.907311350605066819e-02 9.368860732465114083e-01 1.214966708510195441e-03
4.401095839040981839e-02 7.428694088595031442e-01 1.564163066421052628e-01 5.618728893831845955e-02 4.311193837186277716e-04 1.226459325589471842e-05 7.265317798267128212e-05 1.470837534237391590e-11
6.028848850691292949e-02 5.568000633278280542e-01 2.768261219012308483e-01 1.032606386415390320e-01 1.634606483236548361e-04 2.405600448356243158e-05 2.637170919311337437e-03 5.037050213755455425e-11
7.184979776841848209e-21 1.295141724621464965e-12 2.874604327982941205e-10 9.285298162571351992e-09 5.325232067426599082e-04 8.046140085455362858e-04 3.223667973391853279e-05 9.986306165309231098e-01
4.993180055709863863e-04 1.198198052582763184e-01 3.200947571905807809e-01 4.766637810441237133e-01 1.982048414855100069e-03 1.416148200561009179e-02 6.677816815885420643e-02 6.399221270911300664e-07
6.358564316088416828e-06 4.949216317602183474e-02 1.593217636640110180e-01 4.087277863199328398e-01 9.313837670011675118e-02 2.215432893568421435e-01 6.776463747946784300e-02 5.624739291663405550e-06
2.602592798385625128e-08 6.678376801713931978e-03 5.663073292181780745e-03 5.211086113114421492e-02 3.437216989600896389e-01 5.562718071094064909e-01 2.562126152447532362e-02 9.932895155060371406e-03
9.170316593723576437e-01 6.519607956263109849e-02 1.668622671598405174e-02 1.081388818986717820e-03 4.290207142023845158e-08 1.402022297152348843e-09 4.601225946050196000e-06 8.016225514346375609e-16
9.815674717321785026e-10 1.372723317874865328e-04 3.098130671894302936e-03 1.009534012896507599e-02 1.697256489831056314e-01 6.675669244427486770e-01 9.754115628773896152e-02 5.183552617219284314e-02
8.957008569585258584e-16 6.581218012445149213e-08 1.773174651740658446e-07 2.320422200010563115e-04 4.579939786588545919e-03 1.717787776117433649e-02 8.898618747617223837e-03 9.691112783549705734e-01
1.084242116019223018e-14 2.969837032105768796e-07 3.751584149060288202e-06 4.667963219288350516e-04 3.693848794848349215e-02 2.602926684716408978e-01 1.461857205227848344e-01 5.561122781673011328e-01
3.525186572104281120e-07 3.748672701257508427e-02 5.004453172121342552e-02 2.500331114830655621e-01 2.746612403971886995e-01 1.784764795055409359e-01 2.092463715151508252e-01 5.118584660921022552e-05
8.350793099034554187e-08 2.987495546452425578e-03 4.278991309896971323e-02 3.260413341957392186e-01 1.269627203253734515e-01 2.459009773650968622e-01 2.544972560595629707e-01 8.202199008737779892e-04
5.880829254394383910e-05 1.923641573424867413e-01 1.760553112760394612e-01 4.824966218327556011e-01 7.811207630333963370e-02 1.972914490314842464e-02 5.117496115301726350e-02 8.918896668916171636e-06
1.009231752882053696e-12 6.262647774933348838e-06 2.323096156472720481e-05 2.470904276004343841e-03 1.753514633321033578e-01 5.142585341276939559e-01 2.940470676087358903e-02 2.784848978929755914e-01
6.527253780724692755e-02 6.841831211199365104e-01 2.178500035869627149e-01 3.229328795507677152e-02 3.861360125916298101e-04 1.145282860341513969e-05 3.460689495269937405e-06 8.732877590413714137e-14
4.218199528459480770e-03 5.031846193680113988e-01 3.918062214974193935e-01 9.753612655257841435e-02 1.573004428059338869e-03 2.950408838733141058e-04 1.386787086607521721e-03 6.549928303243305099e-10
2.257086094444607158e-02 7.262940469124726794e-01 2.281761911247927044e-01 2.238831356416107199e-02 1.645577250127262770e-04 1.055129740916790513e-05 3.954783918612164869e-04 3.984472851927359983e-11
1.100799783920098640e-01 3.079872476925690772e-01 1.352495807537095474e-01 1.154483546819837919e-01 6.478444400599762953e-02 1.227744083533059277e-01 8.647220515470972757e-02 5.720378096571469839e-02
1.732126077874777022e-10 5.876734985272703913e-04 9.877888613027253992e-04 1.514524302462715195e-02 2.581101814920802595e-02 9.294523902705159601e-01 2.782292795561554927e-02 1.929580669908252861e-04
8.426506420041005030e-02 1.587946080571461804e-01 1.604579951610707600e-01 2.016598603143033575e-01 9.282155893897302279e-02 1.491558066944878580e-01 7.608170569996941524e-02 7.676340093363916151e-02
1.705799688396507797e-04 8.216146407728688872e-02 2.433076443618822915e-01 4.239286016189286466e-01 5.544126187251971483e-02 1.060080805325438053e-01 8.889884303246965713e-02 8.352453552952415002e-05
4.392210410021761893e-03 4.277049732418368722e-01 3.932814402631462647e-01 1.572341067646627621e-01 2.512096240084425117e-03 9.875415474698966568e-04 1.388761775175015832e-02 1.378102981289703187e-08
6.555223137442261695e-18 8.061941572527213520e-09 5.039713637793046561e-08 3.078472367481378130e-05 4.573702208676183600e-02 1.042152914305721489e-01 4.036561131260774744e-04 8.496131871867872443e-01
2.173187658708025227e-06 1.121391558924738491e-02 2.219303663864360607e-02 6.492715674121113389e-01 1.248940916456840189e-01 3.616614746420682841e-02 1.561393837503257942e-01 1.196843121239980762e-04
5.000082254867424785e-04 1.479137020941443392e-01 3.625049980161672014e-01 3.441425852772921901e-01 5.130530594925102571e-03 1.781570869401108426e-02 1.219902423088951304e-01 2.224789077543952640e-06
4.432511827663101339e-02 4.606518494329218671e-01 4.089595401452102152e-02 1.484288549601379403e-01 7.133787578762461334e-02 6.895344790185244099e-02 1.203740408244239057e-01 4.503285880188674650e-02
1.550097802666321139e-08 2.181702144858979186e-03 5.755263057693878366e-03 2.455325370006726515e-01 3.674602394830590590e-01 2.705193582011037878e-01 1.053278598720186476e-01 3.223024739614019449e-03
6.707755510401027823e-11 8.237520594821363896e-05 1.889492703903383438e-04 1.620861827520926265e-02 1.751857423444577178e-01 6.322919476311518183e-01 1.463157604024773462e-01 2.972660680329067620e-02
3.958552642008907605e-10 1.074718465337725119e-04 3.021896336065570381e-03 2.727193974843694288e-02 5.509546774995044416e-03 4.070922873096070177e-02 9.229609533463000171e-01 4.189628208531683061e-04
1.707980904431900243e-10 1.279273736266346056e-04 5.935136293162835948e-04 6.483218025792845951e-02 2.651903761399315163e-01 4.653979709340767545e-01 1.524255368029685254e-01 5.143249469135306728e-02
1.479626342028703689e-01 4.278615621156275917e-01 2.827265659602332115e-01 1.409092301631080513e-01 1.491705373856552449e-04 4.914242670176914148e-06 3.859227658931110535e-04 1.221246879677363784e-11
1.672486331597253066e-03 6.295294328676829254e-01 2.369470949797837234e-01 1.166914704966209443e-01 1.049800005373873087e-02 3.961816618308150288e-03 6.996626597001258906e-04 3.599256624796033636e-08
2.652678526330885522e-01 6.784003674925372929e-01 5.214269919836888451e-02 4.168185134085578177e-03 2.063294104152437646e-05 6.823413232732183013e-08 1.943667428299876266e-07 3.299949219799915738e-15
6.199081083089451605e-01 2.934670558537758045e-01 8.561026912608477035e-02 1.012348630278290433e-03 1.966017438209950452e-07 3.446107132260400104e-09 2.018033064612261324e-06 1.152336539429323365e-16
1.100799783920098640e-01 3.079872476925690772e-01 1.352495807537095474e-01 1.154483546819837919e-01 6.478444400599762953e-02 1.227744083533059277e-01 8.647220515470972757e-02 5.720378096571469839e-02
6.717926280156364185e-03 9.455362522205567055e-01 2.736132633167047065e-02 1.975818985937787681e-02 3.115597663884736687e-04 2.130172766052668728e-05 2.934437741905455499e-04 3.999902218141045526e-11
1.677608151578004763e-06 1.438231574494563958e-02 4.395970598414408737e-02 2.677563145232219610e-01 1.860467287487573562e-01 2.034855176092247031e-01 2.840008618926422312e-01 3.668778889117024289e-04
3.536256780631298580e-05 6.067979464155184161e-02 1.468868899400148087e-01 4.662426949913896501e-01 5.027648200237756770e-02 9.421734529849541684e-02 1.814737952253689390e-01 1.876353329964528557e-04
4.415989958546129128e-03 2.815684614097334060e-01 3.377149237382743308e-01 3.394001282013983101e-01 6.185725943406675687e-04 5.842073359034866652e-03 3.043959035466458837e-02 2.603840064254952810e-07
1.100799783920098640e-01 3.079872476925690772e-01 1.352495807537095474e-01 1.154483546819837919e-01 6.478444400599762953e-02 1.227744083533059277e-01 8.647220515470972757e-02 5.720378096571469839e-02
7.558321055229902385e-02 2.225313163942581607e-01 1.604226909760513298e-01 1.619382906065038874e-01 8.634682031109931766e-02 1.373442838545001210e-01 7.042955497512565222e-02 8.540383233016224374e-02
8.581112161717053058e-03 2.302849063102776483e-01 2.490803385707034689e-01 5.008005718733521405e-01 2.742440412598695296e-03 3.412417289891733286e-04 8.169379697442040802e-03 9.244920481513322824e-09
2.649890002358703742e-03 3.255095910215914934e-01 2.532568388230360679e-01 4.060521448269316935e-01 1.157445573334729867e-02 3.158691887886331986e-04 6.412086265869295764e-04 1.777359432141712153e-09
4.301830670603487561e-02 6.224961609957166964e-01 2.763059344886111823e-01 5.671678831461232639e-02 4.059108831544327176e-04 3.482254650471198120e-05 1.022075871494436622e-03 1.938713699044668957e-10
3.305167125028960264e-06 2.115777928653646278e-02 1.044733735333363417e-01 1.682509314280144774e-01 1.977805995728868782e-01 4.153819676445956732e-01 9.146771157336895663e-02 1.484331794138065612e-03
3.673297023598707470e-03 3.909071018866088765e-01 2.837716213043744440e-01 2.949466804180556623e-01 6.873750484273886269e-03 8.711664665593044695e-04 1.895635583129337901e-02 2.658523481087540167e-08
8.528296142193154351e-07 3.530309026503694603e-01 1.574132968483756348e-02 3.852359021278414786e-02 1.473656773573570056e-01 6.978168322935714152e-02 3.755473976959267102e-01 8.566339757010666423e-06
5.408511166123958214e-01 3.905863704851729734e-01 6.528230703185698702e-02 3.277880328075669873e-03 2.840607427404000842e-07 1.502903752758156211e-08 2.026452707799589854e-06 1.162073673190046075e-14
6.655877760066734525e-03 8.035602828758307004e-01 6.932719836202350105e-02 1.083156575859749726e-01 5.757010273010549403e-04 1.080564241333830880e-04 1.145722552073318370e-02 4.439372495545514751e-10
1.088872773504470832e-10 4.388815571810943822e-05 3.901290325893630841e-04 2.072588279069519090e-02 3.800332373846347644e-02 4.301743661241546612e-01 4.685959072889806509e-01 4.206650276050952902e-02
5.628083077253552404e-06 3.615230334040397953e-02 7.279907916584874017e-02 5.912385517833906867e-01 1.601622007863824082e-01 7.124371726914055514e-02 6.833094491435785789e-02 6.757465739814323344e-05
1.443945293117271234e-13 1.625078119774369005e-06 1.808503812904477945e-05 1.287171270915954315e-03 5.997325566053814810e-02 3.765134006403865197e-01 2.410371214176469379e-01 3.211693408941221350e-01
7.935981821544128845e-02 2.421973369451409785e-01 1.342249832217130845e-01 2.464203016075065811e-01 1.026188676649441023e-01 1.116060902053296056e-01 3.919220923145301516e-02 4.438039290847166363e-02
2.041536327406033580e-01 5.600987387166816989e-01 1.959674094388556831e-01 3.919665958245936027e-02 8.112541984342332263e-06 1.281070249299974468e-06 5.741659024800672018e-04 6.686892152129007017e-12
1.854608927774988058e-16 6.706730878250839587e-09 1.560913123402144474e-07 4.592967484665390739e-05 1.308940585491730159e-03 7.510115122376864738e-02 4.132918791041186035e-02 8.822146278074406434e-01
8.314042268317110450e-06 2.189385818506858414e-02 7.523122884997920923e-02 4.476865050454130190e-01 1.052928484168015773e-02 4.625737932220589516e-02 3.983425193965290378e-01 5.091031685683428722e-05
2.388098890484849912e-01 6.162027450176065235e-01 1.337577434544870436e-01 1.114826546832700487e-02 6.742400713472702369e-05 1.828251842009366637e-06 1.210475137335808511e-05 7.441242546151367883e-13
4.880529920642961593e-04 4.670886171127529018e-01 1.601917965898559393e-01 3.354113853606373041e-01 1.913136621166630635e-02 2.044349338675795734e-03 1.564423797050082734e-02 1.944238468865472642e-07
7.977781861397215124e-02 2.796635239445467436e-01 8.362810725789857069e-02 1.805129945412797254e-01 4.207796320735329026e-02 2.690235941458720692e-01 5.882046568936465797e-02 6.495532599712194009e-03
1.842261228945645760e-24 1.782057154371435916e-14 1.952965027722388179e-12 4.301493958911567194e-08 4.204215823668731484e-06 7.877300941333916688e-04 1.369604012125631622e-04 9.990710622719186640e-01
1.203937659376435024e-12 1.002113439104776884e-05 6.933278794777217530e-04 1.099869857234696963e-01 9.610156579477704963e-02 3.407385768369309287e-01 4.391664037153867328e-01 1.330311891436451385e-02
9.350105573591448475e-05 9.934475491952726722e-02 1.454341224823725298e-01 4.893891461852152847e-01 3.588241433496038718e-02 5.597320380492553510e-02 1.737474766602543630e-01 1.353805570092308076e-04
1.047264134650036788e-01 1.753850655018208693e-01 1.441815950880518671e-01 1.877641094362463847e-01 8.345417182353308261e-02 1.178638539919703299e-01 9.029390640120901756e-02 9.633088429216472848e-02
1.047264134650036788e-01 1.753850655018208693e-01 1.441815950880518671e-01 1.877641094362463847e-01 8.345417182353308261e-02 1.178638539919703299e-01 9.029390640120901756e-02 9.633088429216472848e-02
8.136692207870064100e-03 5.161266988086491425e-01 3.334937919223855407e-01 1.318415872233250352e-01 3.598874041623649142e-03 5.690095520789177240e-04 6.233333724297372702e-03 1.251977033172547363e-08
1.559886636095909011e-05 6.311247903920638724e-02 1.436626590495971301e-01 5.178710525777854290e-01 1.379734788610887386e-01 3.586715484205253712e-02 1.014954284586285504e-01 2.148305280308755714e-06
8.449035108615516747e-12 2.333050896124087443e-05 4.171628966361344277e-04 1.210538790494623540e-01 1.012443863030434987e-01 4.367295004972444605e-01 3.000168775580418501e-01 4.051486317816205968e-02
5.759837549436365401e-04 1.192491092643401668e-01 5.063562341593764726e-01 3.685444643850824264e-01 2.612805480377079423e-03 5.721596167775242717e-04 2.089242714179339634e-03 6.249238769438718996e-10
4.549798983939187151e-04 2.294595133021508637e-01 1.567679703519357093e-01 4.846786256163948536e-01 1.337659592495345044e-02 8.017845457775380977e-03 1.072406308215424625e-01 3.838626853668005627e-06
5.076199494009237545e-12 2.258470502163589924e-05 3.872991187275328165e-04 1.806785195632968494e-02 5.542916627059309154e-02 2.728378457068774132e-01 5.991426993035910975e-01 5.411255293378576525e-02
3.712088618298009512e-02 6.640139604901086345e-01 2.760159220097304078e-01 2.254203022435777998e-02 2.574374523285113524e-04 4.455560305159224893e-06 4.530807633435318633e-05 3.855403879958690617e-12
3.328048721050547392e-14 7.043181448151909806e-08 4.876789078282235639e-06 6.361345553439453140e-04 2.430555313837137472e-04 1.072894158201089521e-01 8.420254063585054238e-01 4.980104051372055002e-02
4.421000832208413635e-05 1.654409331312231557e-01 4.160811678868635566e-01 2.679942416737887134e-01 2.616785382342092306e-02 1.405324774384392877e-02 1.102168734422115798e-01 1.472290325333415062e-06
6.665106457988796695e-03 2.902125968488885044e-01 3.099198833698591504e-01 3.538720435586961699e-01 2.402048172057448961e-03 1.986031084016092775e-03 3.494177552046886376e-02 5.149880250224487192e-07
8.035608009447431366e-02 6.289801982539726666e-01 2.575864706369301871e-01 3.275775537604184995e-02 2.735371893938012811e-04 4.728762455467228679e-06 4.122967969409798263e-05 7.037068320436201279e-12
1.447756298421603693e-04 4.138496637280189017e-01 2.746570198356613757e-01 2.370462647456016148e-01 2.670908143425957185e-02 5.167866838883175724e-03 4.242524218162864458e-02 8.560610305080095533e-08
5.744497325019469319e-13 5.694178297784942032e-06 1.220551975013192806e-05 2.842851822465841932e-03 3.404123985090722893e-01 4.847506011796740566e-01 8.873319039189794810e-03 1.631029297509722642e-01
2.901507709106897907e-08 2.719772387773983571e-03 2.304920572590847538e-02 3.965628786260625566e-02 2.780828425413097715e-01 4.926578984583923626e-01 1.589563480178013133e-01 4.877615991130545767e-03
4.624892337371598453e-04 6.621937847194846460e-01 4.530770806515968530e-02 1.730637040138811866e-01 5.392746917991938886e-03 2.385322638866321874e-03 1.111937213778562417e-01 5.230330225962063177e-07
2.203177506800489701e-05 2.178293186224038724e-01 2.999583365146629155e-01 2.891917887179340507e-01 1.139284844783351736e-01 3.536210192110230549e-02 4.369706858633689434e-02 1.086938415676603138e-05
1.227211266766477455e-17 5.146898814946915142e-09 1.784474426730889595e-07 6.356355847873675460e-05 3.628028123209658777e-03 4.803198347373720534e-01 3.369427536339684396e-03 5.126189624502578424e-01
3.513642074720006855e-04 2.421528151309451371e-01 2.587886020483276539e-01 4.482961172420253382e-01 9.185863649069227893e-03 3.248400362478416018e-03 3.797680782117526799e-02 2.953850551071497029e-08
2.233668250984449346e-06 1.187774776791709723e-02 9.331822642796099021e-02 2.520290610972384937e-01 8.673228905848634485e-02 3.117734450068453400e-01 2.434372850864246207e-01 8.297118868764235492e-04
1.446601028548297836e-04 2.894262693140281506e-01 3.994501025647112513e-01 2.512814797295080393e-01 2.619177426001733505e-02 5.783861806391618794e-03 2.772157495939712654e-02 2.772630919368153412e-07
3.716097781036139277e-06 1.889683218307045345e-02 2.878153432500376446e-02 3.938938091829290444e-01 1.178952840246623029e-01 6.628454350657564387e-02 3.721919077837032019e-01 2.052372896271972228e-03
2.318811937007208126e-07 9.385394574434557241e-03 1.408406090069996321e-02 1.227424520989398166e-01 1.762901193567701641e-01 4.548816479308885885e-01 2.123010448922803828e-01 1.031504836479232856e-02
1.752473809266734753e-02 3.135667067445450651e-01 4.240741547668120948e-01 2.364529994379084288e-01 2.025331268610094243e-03 1.104861445727185689e-04 6.245583150968673190e-03 3.939163365237132488e-10
2.269296811683911997e-03 7.617062583980104273e-01 9.915111867331793949e-02 1.331383767761451786e-01 9.717643018748255536e-04 9.474566532482736744e-04 1.815728205277067223e-03 1.804423081003988017e-10
5.482288868325447227e-03 3.202438672333364211e-01 2.619316584018992478e-01 3.928706105070794430e-01 2.082409576767218096e-03 1.224644810164878753e-03 1.616443556861772712e-02 8.503381582782751698e-08
2.044362621656393708e-01 3.376634289748028928e-01 3.617409009193777725e-01 9.585619861417732368e-02 4.902846368197093756e-05 7.859362632896644150e-06 2.463214961875611199e-04 3.498718799815496288e-12
2.042001939551678419e-12 3.945737939144982244e-06 1.187424370080195500e-05 2.453776124246038332e-03 1.310643352557909203e-01 3.779095148751926425e-01 2.366575981661987044e-02 4.648907939444699156e-01
1.354352270482650847e-02 4.122190153448351269e-01 3.271810609059593311e-01 2.388551587305929869e-01 1.090684193800154928e-03 3.179824877763244508e-04 6.792568155328877061e-03 7.476880687933499246e-09
1.128674764113557633e-01 3.656768221438146949e-01 1.404013238558978194e-01 9.512175249539051025e-02 7.260152804858729936e-02 1.285404862234413581e-01 4.302632693878783582e-02 4.176428388272516307e-02
1.703165155868003267e-09 2.409808165931396490e-03 1.664608035540908471e-02 8.787533837181300822e-02 4.310934826375433238e-01 3.702836540856391245e-01 9.094298653612409300e-02 7.486481443688552820e-04
2.059488662276565248e-06 2.314722067757349691e-02 5.485172583258762780e-02 3.247598699104361497e-01 4.330525814835180232e-02 1.386977799740910233e-01 4.144328734476704912e-01 8.032125206244601894e-04
1.984560903832517781e-05 9.609238865391871165e-02 4.771800919151804321e-02 4.647336901703417178e-01 3.599744918355355372e-01 2.271816244294782086e-02 8.728980248189072491e-03 1.443184850752548011e-05
9.174519440832952931e-06 1.304458763015098610e-01 9.202062477655016670e-02 1.973695565645918470e-01 4.152766644587200795e-01 9.193496341803239491e-02 7.285966125589091180e-02 8.347870526088497329e-05
2.343810428545424449e-09 5.520797152658568760e-04 2.379078177137237352e-03 8.111021368412744958e-02 8.016705974826747461e-02 5.617491484492752596e-01 2.638844175215631638e-01 1.015800036055291081e-02
4.894874071244782133e-10 1.713181508744598188e-04 3.947036278530155007e-04 2.285916851381784506e-02 2.476004332641583705e-01 3.731007863264098057e-01 1.574321061270774480e-01 1.984414835003206201e-01
3.666981924978236341e-10 2.940275491216158359e-04 7.802281390115097665e-04 2.322487695516521275e-02 2.123163288366806678e-01 5.660193114143359239e-01 1.806777061283765529e-01 1.668752061061028885e-02
1.667885503441035849e-04 2.729942795429813884e-01 3.352034363818860996e-01 2.260564106319778166e-01 1.105362450631306032e-01 2.516817165677171994e-02 2.987022801751626142e-02 4.440155391690070893e-06
1.270126658482219860e-02 4.985161234134549146e-01 3.397702303336430640e-01 1.446096750222411464e-01 5.635075485271467564e-04 1.102404997193646448e-04 3.728956293033835329e-03 3.045576605227654286e-10
1.096410129287795273e-07 1.228406975791345411e-02 2.468934640189027196e-02 1.265527894416546839e-01 1.558705229675873827e-01 2.191432516630609784e-01 4.612389848758534638e-01 2.209252510242374918e-04
1.067880260923466347e-04 8.003020605655786213e-02 1.333772626502159053e-01 5.295029473822019384e-01 5.919890103345954585e-02 3.990108794076534238e-02 1.578625702984988721e-01 2.023661220801997024e-05
1.418216820236509169e-04 2.948608827045970937e-01 2.626561133257304670e-01 2.417439654392357085e-01 6.904986878425256602e-02 2.464418988157884849e-02 1.068946094554224790e-01 8.548727159663852693e-06
6.184778251269249516e-01 3.565365268957577105e-01 2.224814412496274596e-02 2.736047024807263580e-03 1.605221200921991375e-07 1.663365013858864581e-07 1.129968916701747194e-06 9.508898107159633637e-15
2.524706053847861620e-01 6.315556545584222192e-01 9.596529767063201322e-02 1.989564455015992162e-02 1.458416256580001764e-06 7.088887143214776702e-06 1.042505298477322849e-04 2.751847737467052664e-12
1.550298927058089550e-07 8.417822258414085421e-03 1.738090211852255304e-02 2.349425207544033056e-01 3.424242120045865034e-01 2.972507983524260156e-01 9.781571343568813692e-02 1.767876046066866290e-03
1.672056282440064715e-03 3.809955151443217836e-01 3.435281589980813122e-01 2.323479655517653175e-01 2.844642066034715980e-03 1.113169959371223573e-02 2.747877955999152022e-02 1.182803652925712822e-06
2.226832735840663217e-08 1.080588268181989844e-02 2.285739200280309004e-03 3.009470810642163596e-01 2.868612214546775174e-01 1.790153373232412914e-01 1.652008683426559876e-01 5.488384766478299898e-02
9.869039314986048916e-01 1.113712958993157663e-02 1.941665224694587777e-03 1.725660501616476026e-05 3.350846099767548353e-10 1.462019332539404940e-11 1.673204831980907751e-08 7.048221013162425905e-18
1.223597755228636019e-03 3.264049390193297651e-01 3.529429218452175276e-01 2.406683998043468720e-01 2.538429601688717979e-02 4.369993259881051542e-03 4.900321944512416039e-02 2.632853986524466682e-06
5.182609070783299708e-05 6.628606296453433411e-02 2.285079976604881269e-01 2.422308633392570576e-01 5.883675364307758282e-02 2.418772468460141656e-01 1.619467469503937107e-01 2.625025055274133484e-04
3.098569899343275814e-06 5.070932949506729709e-02 6.858804426992526349e-02 2.840299321307397373e-01 1.414783237270264005e-01 8.879462009784434839e-02 3.662131971172360445e-01 1.834545922616580337e-04
2.959283241367211686e-02 8.348110148909470007e-01 6.279364570220327679e-02 7.187402817319536730e-02 2.666733670892222326e-04 9.856114782072278175e-06 6.519493051199895788e-04 3.299111330269751378e-11
2.995108374091569348e-11 9.424448913839203620e-05 1.178901446663567238e-03 2.548552659854060390e-02 1.726872136331288610e-01 7.198189931138184727e-01 7.551159119919616247e-02 5.223529489561150492e-03
4.215790293656492688e-02 7.615508676552265044e-01 1.722662132550730196e-01 2.375263036535050706e-02 2.567259408249608177e-04 3.046209374272016654e-06 1.261363558844464884e-05 1.997002200025715836e-12
3.566058814903398563e-14 2.009740903022450015e-06 8.544738131404822507e-06 8.094615045958817798e-03 4.213090269079795558e-01 4.003717520114620232e-01 6.106389007425031337e-03 1.641076625481045215e-01
3.310290910727793361e-19 4.200942105338107533e-10 5.798816340479421838e-08 9.095412277567327153e-06 3.919238127695263453e-03 1.359557463048229886e-01 2.687771001940650046e-04 8.598470846467467510e-01
2.263153402489992405e-05 1.899615927808505009e-02 1.240772108788316952e-01 6.755668139132938732e-01 5.041203804279364986e-02 6.024384283585598743e-02 7.067312756952474906e-02 8.175947577493979495e-06
8.715609895532849816e-02 8.467403235106517601e-01 4.445688202436807318e-02 2.159057739551456176e-02 1.562422220301117704e-05 1.331496959372791017e-06 3.916239481850983093e-05 1.561441445490241833e-13
1.894652910514137423e-01 3.452803692643385824e-01 2.506806654836170045e-01 2.137483462972252779e-01 3.532126192374665123e-05 6.925081393237422210e-06 7.830815089183886923e-04 5.116996198918264262e-11
6.906836795075378677e-02 1.914298792111451541e-01 1.973862253098294106e-01 1.969429421271960134e-01 8.975818604567847858e-02 1.598354038683336142e-01 5.394965274019995066e-02 4.162934274686320296e-02
2.343785924055236392e-01 4.752750818040114011e-01 2.226269604105596822e-01 6.629823825952443905e-02 3.764052047307845294e-05 3.362052707823269476e-06 1.380124541806715096e-03 5.392955618981023881e-12
1.056349566635317837e-02 1.837827883282522334e-01 4.694349409774739024e-01 3.135292783351432133e-01 8.349650593952625112e-05 1.999526620268143764e-04 2.240603085423703567e-02 1.667057721602795290e-08
3.021984762337576115e-06 2.552972852669161893e-02 6.322063692462852325e-02 1.908783269408246275e-01 5.137824642996299818e-02 7.281937278790910628e-02 5.944984825566815845e-01 1.672183848539734834e-03
2.439963606772531791e-07 5.267023167818517780e-03 1.782564580815169941e-02 1.702695211070870129e-01 2.597388332197654859e-01 3.090381903988418943e-01 2.365358232098030422e-01 1.324719092172505332e-03
2.651289388344209490e-07 8.428512099107990027e-03 1.941297627390088654e-02 3.843707376014095511e-01 2.573761025524928248e-01 1.942113418547613823e-01 1.353781381891795421e-01 8.219263002084654587e-04
9.999781430893052159e-01 2.064521222393926139e-05 1.210173654812739769e-06 1.524807322812248734e-09 8.618946703163094943e-16 1.401843666396542398e-18 8.421062599619892045e-15 6.238950646547702348e-29
7.653564804727184256e-01 2.166964491653448066e-01 1.485625231159527770e-02 3.089452459343251280e-03 6.028017398244458936e-07 1.564702387350783136e-07 6.063190208707655243e-07 2.798706801098656698e-16
1.499183997489523835e-16 4.791323896284505235e-08 5.092853430943299540e-07 1.645531559335832469e-04 3.221224770438804730e-02 6.256697792594606566e-01 8.442611882186435920e-03 3.335102507994486265e-01
1.267321873483623178e-03 1.589793584500455714e-01 2.610785793179808412e-01 5.453272585692421348e-01 1.000464172324221947e-02 9.867315950210432673e-03 1.347422034622743590e-02 1.303769568225973622e-06
6.294914283895785520e-06 3.099930300632685806e-02 9.280662717530599459e-02 4.138084551519206622e-01 1.460033738920511470e-01 1.068042170125791529e-01 2.095467206915193892e-01 2.500815601331223933e-05
1.083968756991550084e-14 2.693644499646521706e-07 1.528393099401608419e-05 7.346066786392999818e-04 4.954077268300986076e-02 5.426495057381953702e-01 6.725516770463708417e-03 4.003340448342362357e-01
7.651844816158966025e-04 4.553935722423512189e-01 3.370113563166616255e-01 1.571478692550768441e-01 2.627711018288784658e-02 7.252166286344315441e-03 1.615231823654076498e-02 4.229985218581282824e-07
8.132045637922326320e-02 1.681707762060778155e-01 9.326688963829216084e-02 3.332753205265887031e-01 8.677990959726952780e-02 9.665018764216769254e-02 8.139026101313197314e-02 5.914619899724892632e-02
7.059760185203515194e-14 3.652061993208889049e-07 5.838753337386925852e-06 9.124660897390483470e-04 3.621643702955513154e-03 9.570000611335923724e-01 1.359428675488372207e-02 2.486533835922484156e-02
6.862021564708443988e-02 8.447208229000934265e-01 5.021201294536108833e-02 3.617828615639466505e-02 1.408443510470350878e-05 2.368609820560900679e-06 2.522093037132843232e-04 2.427920042284619094e-12
5.983265884430755508e-06 4.667674824904319286e-02 1.542173856585905001e-01 4.281766638671747893e-01 9.727858932454139240e-02 3.852117011892345483e-02 2.351056898087232894e-01 1.776970711972756105e-05
3.624258403980489083e-05 8.122552392638698882e-02 1.092757654760605351e-01 3.089798747916636112e-01 3.065122410913117545e-01 5.361102055632541857e-02 1.402736825996293568e-01 8.564897456889601971e-05
1.136607615971093332e-01 1.670549033392109417e-01 1.123397917245840955e-01 2.114880134024628988e-01 9.051659271462358936e-02 1.216110979235562051e-01 1.080284957971190257e-01 7.530034350133388288e-02
