1.036455593539660058e-03 4.747783835759637472e-01 3.552821743646010222e-01 1.526729032716141743e-01 5.885688870696259047e-03 1.187534946401479176e-03 9.156853416152407193e-03 5.961031354449987322e-09
9.652635505748861922e-02 2.627683993144307451e-01 1.563986560468307585e-01 1.733305069039484114e-01 1.091509837519302195e-01 1.324933857159897033e-01 4.227937814943766998e-02 2.705233505994456694e-02
3.186011312156017058e-03 4.775198445809621384e-01 3.235719096455707544e-01 1.853516521262688066e-01 4.191402874983788870e-03 6.335585800749030366e-04 5.545615565457490126e-03 5.314526279548604048e-09
2.656985857697965184e-07 1.001614854344007842e-02 1.724904207461057382e-02 1.091279336524954846e-01 3.136810246463883622e-01 4.667676489332314160e-01 7.987940844034642496e-02 3.278528010900256997e-03
7.152406806566517008e-16 1.862568033292820382e-08 8.466861296340575839e-07 2.487712642204261988e-04 1.471464493904751925e-02 2.823039108651964058e-01 1.959580749223747281e-02 6.831360001274873195e-01
3.890661477362337604e-06 2.434716947989465710e-02 3.315967838466649109e-02 3.111889946829591302e-01 2.367860004963956173e-03 6.687912528391099821e-03 6.222252873929012829e-01 1.920686475092183199e-05
2.717937170913416615e-07 4.288403660469447889e-03 2.558101281367987367e-02 8.210249100037210479e-02 1.506652534225566831e-01 5.831484053258030320e-01 1.536781426496149905e-01 5.360193337861135412e-04
4.926106530542089246e-01 4.360371119335434420e-01 6.253743528202980462e-02 8.793702084383054826e-03 1.423978480767915903e-07 1.718513347012403281e-06 1.923673452136994604e-05 1.181080317006472183e-13
1.847825274503202480e-08 3.465633867603091882e-03 8.392024821789745292e-03 2.129627371650753276e-01 6.224332728893217093e-01 7.964207663970529483e-02 7.259708338631222502e-02 5.071527519170075790e-04
9.347246345425521671e-13 2.100609976528416455e-06 3.245689208970669362e-05 1.982856516991704857e-02 8.596890119193987406e-03 1.544899540502359947e-01 6.434454262702025140e-01 1.736046068874498860e-01
6.675568667025041573e-11 1.663786785440332563e-04 8.208590385448473904e-04 2.641414316522886635e-02 1.727638256593545529e-01 6.440017083178681823e-01 1.316277377369935719e-01 2.420534733670925975e-02
1.152946354663254998e-04 7.417851534298429417e-02 2.131829077277144213e-01 5.883406976893146290e-01 1.070678562621501378e-02 1.633284408861767137e-02 9.714272564738704596e-02 2.292423021371071512e-07
6.980580042330535029e-02 2.790045342933668016e-01 2.253364339619762513e-01 1.667335789564916571e-01 5.810028845894089911e-02 1.006762065506014991e-01 5.807668332741903333e-02 4.226647402789893843e-02
9.201323346444119766e-09 5.258184455641666706e-04 4.283746499864901809e-03 2.042015714542761914e-02 3.260432284003396131e-01 4.687522884466673312e-01 1.461067978362615982e-01 3.386795402455127640e-02
2.397104844183933856e-04 5.139872780780854189e-01 1.575266032515361680e-01 2.814073704472050408e-01 2.120004228300750165e-02 1.163175570707185649e-02 1.400268313535910081e-02 4.556613316180669741e-06
8.903877142444355242e-02 4.376931883984325755e-01 2.357504873960879210e-01 2.364625726803151196e-01 1.069551177121507991e-04 1.952194118506209381e-04 7.528054885972099456e-04 8.255990354790777716e-11
2.413342118060571742e-20 1.549431299919630816e-11 4.137384522882687428e-10 4.583966680849702807e-07 4.632877648119956338e-04 4.999383854535486421e-02 4.228510261532110199e-04 9.491195638377805111e-01
3.188229763770614733e-01 5.073945616823841709e-01 1.593552930118670996e-01 1.435691716142961649e-02 1.458897075173918097e-05 6.979256124280077278e-07 5.496487046284579645e-05 4.307047640056298648e-13
1.430032283265696702e-01 6.270612185263273464e-01 1.809659174695933126e-01 4.890258432997102167e-02 4.731162977873086209e-05 1.827805737942341360e-06 1.791190761726545798e-05 4.404952050359897579e-12
6.963191542120146516e-02 2.801686247757583792e-01 2.243608019464571335e-01 1.669646741616408747e-01 5.793002864557079273e-02 1.008285355279690820e-01 5.797398514264535258e-02 4.214143437875678133e-02
2.725533944325468163e-07 1.708988405556163825e-02 1.582782465416580561e-02 2.968616743136697211e-01 1.053415207689588629e-01 1.103898256687557838e-01 4.523958294406781877e-01 2.093168544812593762e-03
2.342233954827910009e-22 1.703570377182188076e-12 3.663239522877287676e-11 1.293100659202188823e-08 1.791475765760426316e-04 4.316280341240349809e-03 5.269530945651393101e-05 9.954518638033844624e-01
8.712625530355333492e-02 3.202239745542816984e-01 9.406824508363970105e-02 1.811240666810258748e-01 8.261441898877604217e-02 1.312765175939753781e-01 6.512316006317943329e-02 3.844336173156769759e-02
9.993357393262664035e-01 5.723281627413073953e-04 9.178311067322889429e-05 1.493843996765670117e-07 7.788892354943868981e-13 7.131394257315978202e-15 1.513352226795632648e-11 1.163951587400316245e-24
4.017436195552245392e-04 2.346165549673987494e-01 2.304720502839449903e-01 4.859532449014406508e-01 1.174230717352017957e-02 8.289295744838862806e-03 2.852475138815910652e-02 5.192114114068630366e-08
5.817311669606861635e-02 5.589872534863206122e-01 3.548757441458602058e-01 2.711801955042657253e-02 2.510422093410349985e-04 7.527628750284770314e-05 5.195473033758909011e-04 3.211035268857305125e-10
9.661933483552570066e-09 3.161834953672932377e-03 2.980919745147710739e-03 1.591196202704668258e-02 2.144145879028845902e-01 6.767631983120160344e-01 7.940431911623742345e-02 7.363168281060846268e-03
1.152904961794118527e-01 2.746199400296345794e-01 1.183802458310218297e-01 1.954752487663440896e-01 8.426292397263462908e-02 1.121228515952232968e-01 6.006583615465645176e-02 3.978245747107385377e-02
1.114447425649576964e-05 1.644318180574819155e-02 2.450375023990761930e-02 8.491438959619715954e-01 1.120958731775214927e-02 8.165541303916419927e-03 9.052263815106162403e-02 2.607453965887179452e-07
3.845131828522363460e-03 2.894919031755913141e-01 3.543130610088789934e-01 3.286126123860409476e-01 7.703581424316464921e-03 6.104006921991852151e-04 1.542330090089004749e-02 8.583560684154739837e-09
2.778226909149256706e-03 2.123775767216987409e-01 9.994199488232462236e-02 6.259127993512357824e-01 4.202170033247686477e-04 2.917924351191133157e-03 5.565093851391640645e-02 3.222671620307833629e-07
1.283916655667408751e-05 1.215891192861071474e-01 3.608031032955210105e-01 3.095307099123716377e-01 5.674915421054992776e-02 4.299775817881257289e-02 1.083156994416126923e-01 1.616508468960444215e-06
7.293684476966259605e-04 2.333882522035808094e-01 3.253025326698965047e-01 3.860819273123594630e-01 1.223734859280926901e-02 7.694430686330720054e-03 3.456583978487838549e-02 3.003024487167974446e-07
9.411432268756698971e-02 2.848823038394213691e-01 1.831215979982928899e-01 1.790388432203338653e-01 8.925421194458611762e-02 1.220114357273940076e-01 1.561190916027465486e-02 3.196537542213045285e-02
5.289111079663387994e-28 2.327753812210060596e-16 5.070842322053976618e-14 2.004766884258761773e-10 5.464679188137654561e-06 1.153934452272697091e-04 3.206892457382357247e-06 9.998759347825998400e-01
3.994081502697128853e-13 1.115792376713929696e-05 1.307559949823166212e-04 2.003455279103998066e-02 4.913147640466022925e-01 2.761112783711953678e-01 1.313502526931631942e-01 8.104723817885643722e-02
8.320762608262230464e-02 2.542559543181153181e-01 1.799888506937051547e-01 1.370231883133208595e-01 1.156110935422082625e-01 1.271188988511978424e-01 6.086042627418067341e-02 4.193396192464950156e-02
2.727927964969187324e-02 6.809700278492746284e-01 2.419340785693734341e-01 4.886689287177581331e-02 7.415372365077094793e-04 5.800354529336847653e-05 1.501802176552015085e-04 6.042799325824939626e-11
4.529955520694343620e-12 5.916933669043843039e-05 7.561137910874227716e-04 1.905934886484134116e-02 1.580551452061549900e-01 5.896790808914323945e-01 1.724455623173365981e-01 5.994557958792669922e-02
5.063799854873465875e-09 1.263409509488884518e-03 4.514120661766133150e-03 2.169374954082924356e-01 1.103744807649504611e-01 3.991160389478538573e-01 2.609917855972143652e-01 6.802664046634431493e-03
3.150249118785574100e-16 6.190259580954235425e-09 4.113593804139830382e-07 5.019377125347287417e-06 8.062772716534721482e-03 4.537944429016892850e-02 1.034025520097681117e-03 9.455183205464344764e-01
8.712625530355333492e-02 3.202239745542816984e-01 9.406824508363970105e-02 1.811240666810258748e-01 8.261441898877604217e-02 1.312765175939753781e-01 6.512316006317943329e-02 3.844336173156769759e-02
8.958872054400856752e-03 6.170739663537957442e-01 2.188576738271877375e-01 1.385314900612421851e-01 2.545726567594110059e-03 5.516463197786824124e-04 1.348062261778402299e-02 2.198214998346234700e-09
2.559417897771107397e-02 6.968186698429221781e-01 1.956386123108035668e-01 8.052901404203109681e-02 1.583658247495868413e-04 7.595696379668794159e-05 1.185199413623146429e-03 2.624362550441767190e-09
9.927441884130911668e-04 7.997799668892676683e-01 9.838407356774868384e-02 9.610886238522395320e-02 3.241604749216316951e-03 5.148809960067984165e-04 9.778658834135027945e-04 1.340712373341086953e-09
5.427446787241139947e-09 1.668527499124673828e-03 1.577313604330828761e-03 7.883143828363915750e-02 6.447316258329831573e-01 2.210991816734532989e-01 4.700723648130036847e-02 5.084671197725661174e-03
5.676460002968535597e-15 1.139716217191515373e-07 5.360137550199067764e-06 6.678795712470812340e-04 1.453948800119167148e-02 3.111181503729821829e-01 2.821638068833024968e-02 6.454526272570708656e-01
1.294423678817440693e-01 5.155611193117206614e-01 3.080698839207663409e-01 4.629643925793092141e-02 6.450893881268979202e-05 2.953331115112989939e-05 5.361473506510227053e-04 2.722313356302475540e-11
3.485498934362010056e-14 3.957342984083864907e-07 2.783289619217136292e-06 5.160481551417636696e-05 3.320973321515663379e-02 1.693987933581257710e-01 1.558808048123678895e-02 7.817486091060148468e-01
9.357856069447947022e-06 1.399989170667838290e-01 2.654463054418571555e-01 4.748271481487273959e-01 4.131075962171181643e-02 3.175682349245042418e-02 4.664946629734741113e-02 1.222075052876331016e-06
5.898000830597642829e-09 1.122341521990040608e-03 2.529308748201186847e-03 3.791938206703314440e-02 1.822412380446539748e-01 6.271808046334652609e-01 1.394363785652115717e-01 9.570540521445011078e-03
1.152904961794118527e-01 2.746199400296345794e-01 1.183802458310218297e-01 1.954752487663440896e-01 8.426292397263462908e-02 1.121228515952232968e-01 6.006583615465645176e-02 3.978245747107385377e-02
2.916940612567133218e-01 5.222194213155945119e-01 1.724749377649581750e-01 1.353796142814429372e-02 2.860624205521061263e-05 1.388370768371669128e-06 4.362362096771370376e-05 7.982292637063601255e-13
2.145935422506817172e-09 3.806763628824961728e-04 2.788549699625652092e-03 1.581742748914489322e-02 3.193242971679028930e-01 5.074378014948567328e-01 9.499042923461861743e-02 5.926081640503308434e-02
1.073431828982776004e-01 5.102779363708555005e-01 2.299608980683582049e-01 1.513525769203581395e-01 4.658525535113126691e-05 4.712924814219368477e-05 9.716911026200009344e-04 1.360378093843518220e-10
2.496479671056723568e-10 7.802438815934500602e-04 1.649318691823224020e-03 2.262071496426391187e-02 4.503880335433963489e-01 3.499282276709945738e-01 1.670281452771286423e-01 7.605315721152547045e-03
2.466938950202550387e-13 1.520308533731624508e-06 1.149005851943955196e-05 1.693197207845242771e-03 2.933505637271309821e-02 3.885618394617550431e-01 1.272827979818532407e-01 4.531140986085362421e-01
1.586171941626169160e-02 5.207746357859248665e-01 2.299459906867230286e-01 2.291597946109265038e-01 3.492240140309203354e-04 1.141280034414459722e-03 2.767351505757740301e-03 3.945958895213475907e-09
1.274722342292120786e-09 2.488626300768638491e-05 6.862817518291956451e-04 2.519178129604553867e-02 5.261448347694501829e-03 1.592132091232633384e-01 8.066017369438790441e-01 3.020654999555312439e-03
8.758316694887556542e-02 5.851389027236052476e-01 3.036547953951730383e-01 2.335943533613595025e-02 1.932320951624188750e-04 2.582409393902312055e-05 4.464339638939763676e-05 1.072962961172437315e-11
4.999516378277771983e-02 6.207969813486551303e-01 2.509732063680108483e-01 7.566492976345039201e-02 1.362166698240333007e-04 1.582706575496404093e-05 2.417674954844618602e-03 4.668252816824777349e-11
2.968049638063059473e-21 1.022887760518806121e-12 1.228035882275423505e-10 8.070741148255205747e-09 4.820142658615467093e-04 9.645737270535060864e-04 4.061272791759181378e-05 9.985127910845996713e-01
3.184061243178595282e-04 9.879344374323363598e-02 2.198052315524268996e-01 5.683637782717488873e-01 2.111298383297143758e-03 1.720411848519176612e-02 9.340282157688677145e-02 9.018628962021442810e-07
2.661475444130859943e-05 7.262397803098330495e-02 1.934665191938620132e-01 4.806481396102713077e-01 7.675239897827944302e-02 8.110427572845428645e-02 9.537172886679594341e-02 6.344836911548405944e-06
6.128679359239963311e-09 1.950972429146966480e-03 1.399923753879371005e-03 1.760509497983041988e-02 2.299871682230436032e-01 7.314010410441048604e-01 5.779147330880946010e-03 1.187664611043425140e-02
8.920377805321393350e-01 8.725323088844706698e-02 1.938314030945183924e-02 1.322984505123988132e-03 3.624516294515552357e-08 1.191684367036714368e-09 2.826327989919652617e-06 4.772338299701184093e-16
6.357806548529521776e-10 9.727961289464091073e-05 2.226256169795390663e-03 7.122124954680667495e-03 1.135453482262409192e-01 7.200970246089387627e-01 7.534173872454752452e-02 8.157022706711992976e-02
2.428829532955793331e-15 8.728959543572887163e-08 4.658760763020700476e-07 7.060702057244990079e-04 7.901804850006929545e-03 7.003602522254234741e-02 5.875651516419951037e-02 8.625990313918532326e-01
1.207768319414156676e-14 1.795773674784020398e-07 2.286548362280461858e-06 1.796438467503641079e-04 2.810344851669058924e-02 2.238863419005099331e-01 1.043944944062548535e-01 6.434336052040542375e-01
2.903432298778571163e-07 3.063130099952778712e-02 4.339888204189023407e-02 3.098615856284104852e-01 3.880934890650801217e-01 1.388894109969984192e-01 8.909583850289984341e-02 2.920242196291575269e-05
6.653895718326723872e-08 2.859555933459372902e-03 2.640069775391907028e-02 1.831166978139371626e-01 1.307574163312519300e-01 2.382608053657993552e-01 4.172748317358649928e-01 1.329928526810403430e-03
7.722738268200130603e-05 3.379368338803248051e-01 3.155720425924692374e-01 2.256161574683663573e-01 6.155485883767071453e-02 1.515375560980526670e-02 4.408679971585159618e-02 2.324512829979593385e-06
3.004560031902201712e-13 1.291594520855913742e-06 6.401927676479402523e-06 6.707263655883254159e-04 1.661314487797206640e-01 2.773239410527433835e-01 1.070070705774786232e-02 5.451654832217016633e-01
1.785653807147258576e-01 6.812619752728470424e-01 1.192829560749597562e-01 2.069708446078910233e-02 1.862227662450142908e-04 4.197622299215140384e-06 2.183088065901176687e-06 6.811504853949569956e-14
2.423952918864106815e-03 5.060790340755094707e-01 4.164581567969029008e-01 7.262196673105021649e-02 1.340021729095571944e-03 1.465273588173879402e-04 9.303400534925420880e-04 3.362685524415709411e-10
3.033568460437775088e-02 6.634626888580724691e-01 2.601153898735912295e-01 4.554669314455391665e-02 3.070784476489978564e-04 2.965241117122837197e-05 2.028126372514162091e-04 2.333293168162807403e-11
8.712625530355333492e-02 3.202239745542816984e-01 9.406824508363970105e-02 1.811240666810258748e-01 8.261441898877604217e-02 1.312765175939753781e-01 6.512316006317943329e-02 3.844336173156769759e-02
1.211695650409066375e-09 1.937166552565737889e-03 1.091445341460305259e-02 1.112115041519701614e-01 1.972848192436039427e-01 4.770124138768944699e-01 2.001927116856473121e-01 1.446929863019909019e-03
8.320762608262230464e-02 2.542559543181153181e-01 1.799888506937051547e-01 1.370231883133208595e-01 1.156110935422082625e-01 1.271188988511978424e-01 6.086042627418067341e-02 4.193396192464950156e-02
1.480878082620741120e-04 7.382554990702502873e-02 2.064830327423324008e-01 3.930550232851745540e-01 5.548702120683513678e-02 1.534333741442561738e-01 1.174239830838580134e-01 1.439278222565091030e-04
2.877574513997666842e-03 4.348981047805370870e-01 4.205145933422819726e-01 1.281546763160135438e-01 2.541919599356515062e-03 6.076010583467746085e-04 1.040552090453445225e-02 9.484935328821407219e-09
3.923863665106354615e-18 3.154414226622373086e-09 1.520880989758298952e-08 4.135753655192539804e-05 1.316546877166597553e-02 5.116490667992171226e-02 2.947684771263814211e-04 9.353334801714957569e-01
5.164709854946255693e-07 3.677711322398105349e-03 5.680272876210964994e-03 4.523701277272111354e-01 1.376851680360635932e-01 2.768427557285846330e-02 3.725009716667184168e-01 4.009563275450851857e-04
7.941380179490621638e-04 1.492683597884914282e-01 3.730332173386921024e-01 3.562452623752911385e-01 2.600019118769579963e-03 1.701029116368064226e-02 1.010474869892426797e-01 1.225207882390833433e-06
1.152904961794118527e-01 2.746199400296345794e-01 1.183802458310218297e-01 1.954752487663440896e-01 8.426292397263462908e-02 1.121228515952232968e-01 6.006583615465645176e-02 3.978245747107385377e-02
1.478252356360740091e-08 1.903223862297186240e-03 3.743924371661510198e-03 1.177990739665770586e-01 4.228574607028882104e-01 3.432552690405771822e-01 1.053838211470610187e-01 5.057212126413956725e-03
5.031284886606271030e-11 9.801179706994193040e-05 2.059028259980648086e-04 1.560048733239667931e-02 1.731850853649910538e-01 6.933743169617356816e-01 1.065220758376564797e-01 1.101411982983925564e-02
3.282207308784250976e-10 5.212289512156393408e-05 1.469750071366749669e-03 4.518214409128168407e-02 3.200571315913437916e-03 3.358026187438298976e-02 9.157465277266667592e-01 7.686216970479534680e-04
1.203101174213291809e-10 8.135859975641522926e-05 3.014876447662051843e-04 3.506938019152934516e-02 2.604846416930934883e-01 4.880011529068177811e-01 1.524853088230841425e-01 6.357667002064232298e-02
1.669363585602141875e-01 4.002998400596012307e-01 2.449699501270167779e-01 1.867133383952009618e-01 2.675952771040905165e-04 1.116841933822984761e-05 8.017491290760758206e-04 3.244865051991869793e-11
1.312095897066092951e-03 5.860375914313463719e-01 3.092714479788974957e-01 9.124863810735812930e-02 4.720521757603990051e-03 6.705310568920394218e-03 7.043773255082234116e-04 1.693329865568555999e-08
2.545687619924782985e-01 6.679441506491612390e-01 7.623936901573594160e-02 1.238825531993248538e-03 8.737204445155987784e-06 5.494343318073299501e-08 1.006627520777012769e-07 9.525973828024739384e-16
6.847535552445568330e-01 2.301890860054308929e-01 8.328716260913673897e-02 1.768929217557101705e-03 3.107814167515582876e-07 8.204142543617201577e-09 9.479377602204745540e-07 5.717714960831002022e-17
8.712625530355333492e-02 3.202239745542816984e-01 9.406824508363970105e-02 1.811240666810258748e-01 8.261441898877604217e-02 1.312765175939753781e-01 6.512316006317943329e-02 3.844336173156769759e-02
4.743034556536122187e-02 4.718957195605265609e-01 4.171188957977987610e-01 6.200706162122994469e-02 9.799934001781230274e-04 2.798198921381275317e-04 2.881638322310713552e-04 3.305369399980443327e-10
6.119151609110572645e-07 8.485325667897324411e-03 2.815047953636490297e-02 2.233121732272832782e-01 2.237826855942227078e-01 2.813629151596472311e-01 2.346108175061644430e-01 2.949913932584734017e-04
1.687226778624505600e-05 5.977331491283761900e-02 7.084562785224723935e-02 4.758954720162035801e-01 4.652408031888624618e-02 1.133659088930134007e-01 2.333294061712790080e-01 2.493175677459483295e-04
3.771155393879746087e-03 2.844284818715801522e-01 3.105394330673653114e-01 3.568727051586811916e-01 5.427686993008174528e-04 8.745287951024065948e-03 3.509955685637679984e-02 6.110017916771929850e-07
8.712625530355333492e-02 3.202239745542816984e-01 9.406824508363970105e-02 1.811240666810258748e-01 8.261441898877604217e-02 1.312765175939753781e-01 6.512316006317943329e-02 3.844336173156769759e-02
7.046262636654594680e-02 2.219464945928433797e-01 1.270263649372069537e-01 2.438968921568420711e-01 7.676908305762059070e-02 1.347128398212939782e-01 6.672650740561757166e-02 5.845919166203044498e-02
9.316562658567981853e-03 3.140102933546049524e-01 3.093872543389893370e-01 3.496555307627117748e-01 5.002778996106130131e-03 4.440778521046194732e-04 1.218347839085650620e-02 2.364605866249559393e-08
4.347249358880007387e-03 3.724757448769371315e-01 3.210267532521243750e-01 2.672881470895063227e-01 3.321388062135062491e-02 7.692145550701156827e-04 8.790050858953136256e-04 5.160236612173839286e-09
2.237746151884703952e-02 7.048060177886692479e-01 2.051562496490026144e-01 6.629711577708281844e-02 2.445226670366148548e-04 1.393276222953975642e-05 1.104699715923667790e-03 1.212085644925742276e-10
2.798176001314267679e-06 2.557464732254816422e-02 8.370775601023131007e-02 1.600700311750511973e-01 1.459525237968752609e-01 5.078442220913089722e-01 7.338830178191943499e-02 3.459719646061039291e-03
2.030404610876529459e-03 4.283402775099188209e-01 4.011515620978729491e-01 1.488586283374012664e-01 8.598454252566329128e-03 5.178327698680925328e-04 1.050282862700635533e-02 1.179449007922909644e-08
2.937477480275628631e-06 4.896793013544378792e-02 3.182549854872392808e-02 4.522450261860309628e-01 4.129941918655003485e-01 4.637098680626238617e-02 7.571224654866991026e-03 2.220432568926607303e-05
5.828963136797841171e-01 3.653959408898915795e-01 4.783870152750160226e-02 3.868164673672339592e-03 2.374187124771281047e-07 1.536095791760422573e-08 6.264494745027459758e-07 3.948140924410528548e-15
1.879632231401289627e-02 6.906491102328672360e-01 1.933177151791169168e-01 9.250079812253701739e-02 1.008887518397310517e-03 1.064843143351428136e-04 3.620682161569111889e-03 1.571645323517293801e-10
5.744601146602377036e-11 1.921053499159670221e-05 2.158068849326549052e-04 9.137017270297186425e-03 5.336597953720814691e-02 6.675810515776484655e-01 2.025966759092102665e-01 6.708425822826694085e-02
8.618716212305059025e-06 4.693606342854914765e-02 7.393312805805002386e-02 3.614360630081649428e-01 2.927755617734171811e-01 1.479313727741737861e-01 7.676643725035314780e-02 2.127549910796013109e-04
1.214111880396899502e-13 8.889621690109423626e-07 9.987465252610037614e-06 5.268766095575975550e-04 4.445480850457920324e-02 5.377898634957554158e-01 1.280169058646960512e-01 2.892006690978717320e-01
8.861732288190445062e-02 3.065693401862524259e-01 1.801564668763372123e-01 1.487627730728956488e-01 8.167486414427249652e-02 1.309220152609130994e-01 3.081357899030913103e-02 3.248363858711533769e-02
1.965973364781598842e-01 5.288631266535769315e-01 2.253350497770059968e-01 4.897382799464342074e-02 8.450884181016189294e-06 1.161774740320414877e-06 2.210464332920601606e-04 4.400577392225534935e-12
2.141805299464676916e-16 6.037838489471195016e-09 1.816215152760186007e-07 7.308732862618106361e-05 1.433843824185294848e-03 5.967053288346813728e-02 9.210961715125243199e-02 8.467127311531125189e-01
9.747467091174689965e-06 1.737777520119669281e-02 8.445261754649392716e-02 4.503061913101047420e-01 1.307932504672870352e-02 1.326761098132846761e-01 3.020522280760534750e-01 4.600553904674093678e-05
1.431023732295600981e-01 7.021516620678955878e-01 1.437130008646450297e-01 1.096257754484324456e-02 6.031519345172940873e-05 7.173545600045332399e-07 9.353744683757870342e-06 3.604971078214175111e-13
3.751519092199698214e-04 4.504560656810906449e-01 1.521330737862534588e-01 3.751931670847610811e-01 1.188653553976276242e-02 1.143845045295858315e-03 8.812078871152484449e-03 8.208246307597053601e-08
7.487831512882450746e-02 2.482934950754508152e-01 2.187076984949575253e-01 2.000581560232042033e-01 5.714262173164484648e-02 1.309197529493715817e-01 5.492995863008751783e-02 1.507000196645946928e-02
4.268336416173990248e-25 3.373244249037114394e-15 4.575514860791693249e-13 2.060602347521836226e-08 4.791989161870889198e-07 3.611804051400560058e-04 1.196379522759201261e-04 9.995186818371805115e-01
1.303710941136183627e-12 1.185001866588591630e-05 1.185324771435105869e-03 4.152876047989775138e-02 5.068996891268538751e-02 4.097319970534311628e-01 4.867578974737661324e-01 1.009420128881579129e-02
4.124577679513601622e-05 6.330415336781582136e-02 1.147179455168021583e-01 4.647121468211384276e-01 6.180405229142316159e-02 9.358529923822760110e-02 2.015313347359890261e-01 3.038222518086693266e-04
9.438942308506988177e-02 2.402444871389325942e-01 1.911244021263169279e-01 1.904163188315816657e-01 5.724809140154406978e-02 7.716743603646299132e-02 7.494078810530217793e-02 7.446905327478987868e-02
9.438942308506988177e-02 2.402444871389325942e-01 1.911244021263169279e-01 1.904163188315816657e-01 5.724809140154406978e-02 7.716743603646299132e-02 7.494078810530217793e-02 7.446905327478987868e-02
3.324724872456033455e-03 6.100908220403443716e-01 2.357760937835991499e-01 1.430496979465971930e-01 1.997163089641010476e-03 2.331607552232207634e-04 5.528324760913552911e-03 1.275122563151497777e-08
9.331652097307922028e-06 7.033136014653945667e-02 1.012816853781157156e-01 6.512105569970617625e-01 1.190314183700406786e-01 1.169046160493790974e-02 4.644482513658153289e-02 3.607146239242822925e-07
1.113273881241726275e-11 2.749260749150534257e-05 4.684558702336914229e-04 3.953686272932212947e-02 1.306616365043338779e-01 3.126698045976882279e-01 4.964279557191431103e-01 2.020779196065763256e-02
3.499179714289987232e-03 1.983434700664512829e-01 3.544924710746785723e-01 4.382610662504045074e-01 2.333660952426949795e-03 8.034652168931364323e-04 2.266685954621133064e-03 7.702350008639490783e-10
3.148868278889199149e-04 2.438338284012656898e-01 1.634466521754652790e-01 4.977201580556254168e-01 1.370850041058079873e-02 7.102689438121390433e-03 7.387001949583375804e-02 3.265195218677052394e-06
4.513683911203708667e-12 1.312807506945246194e-05 1.763797965742008064e-04 3.633120960700152169e-02 2.482794272237074870e-02 1.890196332742811458e-01 6.629984386633094307e-01 8.663326785687699982e-02
5.006832617670406438e-02 6.221814342644367279e-01 2.934145169322150415e-01 3.391698999132262971e-02 3.732204332851867630e-04 1.355614467406571849e-05 3.195605548563066082e-05 1.876074871833566842e-12
3.377030290973404184e-14 6.052739962311858468e-08 4.955714215302755245e-06 7.013258976311842648e-04 1.575034330323139180e-04 1.870224426525793071e-01 7.915439608871494004e-01 2.056975088797072596e-02
2.592121086258938068e-05 2.011527297057975894e-01 3.535700346345617140e-01 2.900755410944330648e-01 1.347140545646101709e-02 4.485016546615912779e-03 1.372187047844715679e-01 6.465667965100088308e-07
3.099223850373233110e-03 2.805663562100532138e-01 2.995712935944457311e-01 3.717215039904730456e-01 5.030318872824114836e-03 2.509686004822540058e-03 3.750055626756337857e-02 1.061209444620049564e-06
7.166617093006702466e-02 6.844694552236685325e-01 2.343390883355075116e-01 9.368025093580282722e-03 1.281616008350608578e-04 2.348239561917177927e-06 2.675057527302479661e-05 1.506746425439101611e-12
1.495398729496614154e-04 3.653301396186026673e-01 2.181071035342396491e-01 3.463828869930114518e-01 3.884761872469268823e-02 5.059166634088029836e-03 2.612346266591884097e-02 8.195649653692747063e-08
1.813355686983964853e-13 1.416843834144675886e-06 2.628635457094212400e-06 1.856429967963633444e-03 3.159254027953434241e-01 4.146271956587279650e-01 8.901794418083260052e-03 2.586851316804084644e-01
6.433508754091758068e-08 3.444887821134789713e-03 3.211645355196634383e-02 4.913173624894198732e-02 1.186903621662012964e-01 5.944013558311656009e-01 1.999490150163550917e-01 2.266125029146887071e-03
1.671558570496346416e-03 2.823386540768392794e-01 3.321537713469897013e-01 2.927521425075219619e-01 1.165773799248361574e-02 1.558479089093120322e-02 6.383988314314831269e-02 1.461471589573106374e-06
2.010889931388974651e-05 1.383879655859934221e-01 2.353206920333494045e-01 3.967473270199954327e-01 1.427906749615875936e-01 7.014568117135040748e-02 1.658315039218513989e-02 4.399936224014533509e-06
3.447990621546485267e-17 1.972473656723784923e-08 5.524293655867400438e-07 2.445104585061865518e-04 2.556301104977463934e-02 1.773577603130699898e-01 1.121988484053625286e-02 7.856142611840124523e-01
3.893579618032795499e-04 3.181434802063995426e-01 3.122891701723354285e-01 3.305658450694282102e-01 8.161118506929200198e-03 3.928170377683208418e-03 2.652281552831995542e-02 4.217710132364342450e-08
1.957528504610991499e-06 1.369191593601908064e-02 6.543885386681354277e-02 2.302445320858102495e-01 6.658517398548219335e-02 3.821645947421675737e-01 2.400519762670366986e-01 1.820995588167214534e-03
2.179419247569475918e-04 3.574307844493200270e-01 3.691635598964730369e-01 2.207464572168520711e-01 2.528839815250558468e-02 6.343107754311319742e-03 2.080966443715900199e-02 8.616862203416537914e-08
1.710972911141930428e-06 8.570600753102600514e-03 1.582193141766402231e-02 2.583180382013556264e-01 1.520379295024244515e-01 2.865356505012912891e-02 5.298173928638274521e-01 6.778831238582703859e-03
8.221947514639730252e-08 3.989190756759385288e-03 7.972461674667762760e-03 9.371779346515077269e-02 1.644290083781599909e-01 5.539842139414252742e-01 1.640265352268323595e-01 1.188071433752878499e-02
1.244728704938510150e-02 1.925320449736530048e-01 2.372698947287460725e-01 5.407560233324215648e-01 2.776525243226216685e-03 1.029570716267979821e-04 1.411526733574126023e-02 2.651995928831665709e-10
1.972706882066269270e-03 4.713330027466414163e-01 3.808577094378474137e-01 1.425099703836069653e-01 1.483105890208873383e-03 4.788378844665348117e-04 1.364666011943251349e-03 7.632193275605457224e-10
6.443126908410776697e-03 2.605020473745205956e-01 2.948394780600460119e-01 4.183762962914834849e-01 2.214929913806111105e-03 3.271834023845438151e-03 1.435222046428862724e-02 6.696359929265262737e-08
1.968991694388873837e-01 3.554967749414184031e-01 3.270325606259160689e-01 1.202261372532347355e-01 8.007498717890042543e-05 1.950077748483534197e-05 2.457819723331289806e-04 3.547793489773196292e-12
4.124995258475579502e-13 9.655004614778345669e-07 2.990325128665963639e-06 7.933219249493771164e-04 9.349897170422589998e-02 2.422018807519297767e-01 1.755012971982438524e-02 6.459517400730665493e-01
9.692505113889407151e-03 4.483592568772407638e-01 3.443751203560068697e-01 1.923372961210777499e-01 5.940859446642385994e-04 1.653080234698351217e-04 4.476422974122692099e-03 4.589528105913047861e-09
1.049289131938138803e-01 3.687744428934714436e-01 1.140835530917227308e-01 1.212731695863706605e-01 8.468405604207020210e-02 1.642249947084752915e-01 2.040056446708559193e-02 2.163030601699025141e-02
2.739869011710537444e-09 3.251323931862343340e-03 1.767604477151015971e-02 9.431723631509120187e-02 4.243901607475605298e-01 3.835722195645699939e-01 7.642908483722035684e-02 3.639270923231677202e-04
8.023475437060994918e-07 1.745496144166698918e-02 3.074922315649475379e-02 3.139757580417354421e-01 8.298562906893772184e-02 1.815899495721530477e-01 3.717692908215806669e-01 1.474385549890408747e-03
2.107199053838891369e-05 1.153233615669958662e-01 7.862434192906184172e-02 3.516753576032761730e-01 4.095213330280524366e-01 2.698825781094207205e-02 1.782378862823470397e-02 2.248744289829443502e-05
5.723531603028267076e-06 1.727802993015027377e-01 8.496352410165503022e-02 2.642149570830097383e-01 3.713368942314159149e-01 3.824154134505364927e-02 6.838775362310102468e-02 6.930678265995617580e-05
1.375999863115113385e-09 2.561482510482180090e-04 1.391074629960635696e-03 5.150247025810792550e-02 4.295367593309919185e-02 7.142913092981151291e-01 1.837877639399140839e-01 5.817556313754893363e-03
2.315544402324952107e-10 7.338109399784647439e-05 2.065727466548412808e-04 1.466713255893091136e-02 2.397376202235154408e-01 1.440765064620463110e-01 1.835536075558990565e-01 4.176851791273998860e-01
3.229564250131508661e-10 2.908615066008944324e-04 7.103556955853762697e-04 3.568145158148301049e-02 3.723315692489708173e-01 4.656250455482631168e-01 1.133864547700229458e-01 1.197426132611759987e-02
7.966606918720245487e-05 3.729947587403251719e-01 2.954764437063048255e-01 2.402472655882811614e-01 5.145138375180084017e-02 9.550375536282105365e-03 3.019603904761826094e-02 4.067560200690571846e-06
1.585780093781237118e-02 5.956266278560317096e-01 2.802255417939246152e-01 1.049781625871406832e-01 4.432145774510110416e-04 8.905707201632096447e-05 2.779594955293182047e-03 2.203302609409225979e-10
1.145026387259400584e-07 1.126005305613290985e-02 1.701771876189371938e-02 1.940548027045599644e-01 2.555709382437218458e-01 2.246403226731308878e-01 2.972359173950127609e-01 2.201326629094935464e-04
5.874822238699738120e-05 3.741787603987074828e-02 7.386328216590327955e-02 5.173143055161831816e-01 6.376804267257250858e-02 6.206128974393038122e-02 2.454939260064513129e-01 2.252963270161295812e-05
7.869231591503413439e-05 3.395006582238313531e-01 2.031652470645868291e-01 2.827111687240792537e-01 4.785327753548719587e-02 1.179524555365036968e-02 1.148905064980414170e-01 5.204084408533386864e-06
7.168988093675894291e-01 2.621475136046915178e-01 1.892334103759031952e-02 2.029647491005905947e-03 4.694464590584530070e-08 1.060771390643153760e-07 5.354773343701923004e-07 3.592500690261240532e-15
3.335845680633492405e-01 5.505063308355682139e-01 9.935514759769037418e-02 1.648522537795777190e-02 4.679736103176332196e-07 5.683408255408549889e-06 6.257674240601243101e-05 1.162956235266796900e-12
2.826806938438276290e-07 1.385216236665372594e-02 4.580423119499013596e-02 1.227802909273101595e-01 2.448891897010264107e-01 4.839746914505013708e-01 8.767605778168992281e-02 1.023093897134753081e-03
1.395349226228606316e-03 3.588113013492407188e-01 2.807541531783713795e-01 3.287097609518844776e-01 2.197064064028371455e-03 9.457409587088672770e-03 1.867417260808782939e-02 7.890350698588640220e-07
3.906564163509170692e-08 2.296350483577540378e-03 2.298049834589270882e-03 2.260224005290797922e-01 1.446903715404707635e-01 2.105249303743899070e-01 3.991488252193737263e-01 1.501903295287710001e-02
9.925368351393402122e-01 6.298860750258275520e-03 1.148325885310093851e-03 1.596888307989109289e-05 2.320301087520723124e-10 2.206548174634309469e-11 9.087916074815137721e-09 3.101933180910711410e-18
4.449040670819582417e-04 2.280814390455410956e-01 3.246027015875735944e-01 3.212203034531792567e-01 3.033044702451813401e-02 1.263423154503864410e-03 9.405380654926617789e-02 2.975118335756001281e-06
5.053781845089799790e-05 6.250315213593639341e-02 2.267831045168857695e-01 2.274122127270606641e-01 6.045395016889876239e-02 2.905154074067414216e-01 1.319539257570291613e-01 3.277094689974159657e-04
3.222899443165112429e-06 5.001918277177053174e-02 5.805061993052567509e-02 4.392659436070144308e-01 1.983495798130181509e-01 8.201274229803418025e-02 1.722337538461255479e-01 6.495483406841475957e-05
6.980427178863475579e-02 6.728767663149057832e-01 1.544547212747953979e-01 1.022153179514826427e-01 3.763991060836379397e-04 1.474125820245342139e-05 2.577822822497990193e-04 2.364539680634350834e-11
3.391205220203707881e-11 1.091812680192772876e-04 9.260203806925906790e-04 1.428402020834876850e-02 1.235568547534863643e-01 8.170872153110193548e-01 3.855761759391820170e-02 5.479090450604565642e-03
3.676163616038864712e-02 7.671769886567851859e-01 1.886335511989636338e-01 7.294843901195387920e-03 1.244989063796344457e-04 1.555329225557143319e-06 6.925846685689814825e-06 3.759666630577757574e-13
6.076452754337416655e-14 1.900628820484855001e-06 8.623935881596731068e-06 6.504011502256653449e-03 5.381414354141399459e-01 3.363218623271354568e-01 1.870048255629245051e-02 1.003216836354113850e-01
4.325111021358529503e-19 6.335300193322041351e-10 4.692412025026249745e-08 6.899927035236530268e-06 3.344078317423855758e-03 1.939434784693045699e-01 3.005718692134116618e-04 8.024049238593767841e-01
3.541284909432060324e-05 1.228859410991041748e-02 1.036868781989716271e-01 7.565095797113098319e-01 1.644089469910466061e-02 6.044303188182753583e-02 5.059148257212121857e-02 4.125977672479540368e-06
2.701565858681452270e-01 5.458411408895545991e-01 1.676811866166608433e-01 1.627419975963192988e-02 2.126253421052327783e-05 1.246418750010954126e-06 2.437791283672687578e-05 2.101817408236937300e-13
6.596386651850034977e-02 4.559221671432567846e-01 1.773024713548231324e-01 2.996460079653152642e-01 2.077218289498315531e-05 2.739995923368860566e-06 1.141974770819416353e-03 6.846872041712966499e-11
9.628580426715779850e-02 3.034742494463315565e-01 1.902417434153989839e-01 1.222916953399469930e-01 9.440993887127946405e-02 1.478443899850981069e-01 3.087216229279715271e-02 1.458001638198957485e-02
1.329472267327930501e-01 6.072947398360213356e-01 2.252268887637142447e-01 3.363938801428155434e-02 3.871245204944882915e-05 1.939065957251357302e-06 8.511051329085086384e-04 2.274698489851188519e-12
7.761475247197794670e-03 1.906208814344836910e-01 3.725498936490688751e-01 4.010786343493753514e-01 2.591161003970898834e-04 7.195016894529194466e-04 2.701043425795387684e-02 6.327207227829146598e-08
9.693974118850285327e-07 1.250396219665841219e-02 2.049609844438224013e-02 2.018094192962072431e-01 4.391176892435092599e-02 3.669359941308132644e-02 6.825930358099002726e-01 1.991146518008736661e-03
1.773819308032985490e-07 3.620788327540212185e-03 1.313230854863083920e-02 1.365970620717146811e-01 3.139928944075631168e-01 3.609630802015936779e-01 1.703275322123260493e-01 1.366156848701331533e-03
3.081021878775884482e-07 8.852107564617317861e-03 1.595773580348408202e-02 1.851071428468842317e-01 3.712818174979775065e-01 2.951970090196203156e-01 1.218805815177247814e-01 1.723297647504147025e-03
9.999786498510858657e-01 1.956517567298763464e-05 1.784525916724814154e-06 4.473196983582494221e-10 3.526707144500145477e-16 1.223176691956858702e-18 4.301689778185832055e-15 1.943257748750158771e-29
7.591317127744456883e-01 2.207282423003970317e-01 1.734731432597063500e-02 2.791320268379566746e-03 3.537995052502719342e-07 1.208378645908025652e-07 9.356934374710091974e-07 5.630255941838779890e-17
1.083286992408829739e-16 2.743958505563878480e-08 3.654233965557050539e-07 3.241675408643909686e-04 4.866239257130445389e-02 6.627233788170620032e-01 7.564336958517456008e-03 2.807253312492707931e-01
1.225693727828252666e-03 1.928871928882826270e-01 2.055759265018596016e-01 5.445909250823772751e-01 1.042012716176756587e-02 2.527733545298995604e-02 2.001999427844650473e-02 2.804906448766920697e-06
4.093221745739356046e-06 1.784929291635040799e-02 5.599785897624191822e-02 4.864643841682702585e-01 2.234765795162745872e-01 7.393986154211359962e-02 1.422491677119901710e-01 1.876194701280831312e-05
9.776496904978155623e-15 2.223116091532415713e-07 6.706485062243133498e-06 3.420940684484420451e-04 3.944443104191456412e-02 5.473923593320590975e-01 6.546608819128409834e-03 4.062675779417682653e-01
4.531625943408023856e-04 4.831024891988050518e-01 3.463876689253826413e-01 1.329291849807848758e-01 2.226634667160250561e-02 3.263063648032583832e-03 1.159788025708354507e-02 2.037239679454214003e-07
7.958274410125078246e-02 2.577218072004205385e-01 1.497270896444469201e-01 2.426367291548744143e-01 7.434194936816647392e-02 7.472931004830912771e-02 9.358477041937519891e-02 2.767560006315692572e-02
3.911309631597464841e-13 3.901907119161640947e-06 6.881688753531359389e-05 7.653037634018992376e-03 3.503188350299251547e-02 7.836223288689099231e-01 7.792445740681741562e-02 9.569557379221485527e-02
2.486932644915643975e-01 5.001667222249649436e-01 2.047423584112565698e-01 4.616973303003447937e-02 1.601729409791676834e-05 5.076791598735660450e-06 2.068277534168627555e-04 3.066089472810245330e-12
4.175338204172542049e-06 5.838536247426655973e-02 2.064320793671096943e-01 3.674828993116102116e-01 1.246795662418193756e-01 3.013362510056573351e-02 2.128746407312533673e-01 7.651435170073665203e-06
1.090642285253765478e-05 6.209125619497340293e-02 4.863836800545337513e-02 4.832326532463143698e-01 1.817441370858889349e-01 1.424397511555967367e-02 2.099822092570451104e-01 5.649467190587337202e-05
1.478021684814950776e-01 2.694505392003043731e-01 1.609554933262450360e-01 2.059926913438250018e-01 5.004976902032761549e-02 5.008334988748123356e-02 1.037477180593269349e-01 1.191827068099481773e-02
