1.990823859081516933e-03 3.009930796388977092e-01 3.456256401873981643e-01 2.745320366878623575e-01 1.219093351662005852e-02 1.920200761694868365e-03 6.274708594116884530e-02 1.994072760735283911e-07
1.176916416004922528e-01 1.615845499007375619e-01 1.176916416004922528e-01 1.322656004963085608e-01 1.176916416004922528e-01 1.176916416004922528e-01 1.176916416004922528e-01 1.176916416004922528e-01
6.576663067003180735e-03 3.921131189543642370e-01 3.702600846743955842e-01 2.053824772268207088e-01 8.366173158915232722e-03 5.950453510676318803e-04 1.670641305493060155e-02 2.451250279662102960e-08
4.611025870874722260e-07 1.833612165566371119e-02 2.053590848160050455e-02 1.012834356579147138e-01 5.410921988781218772e-01 1.889998912794861041e-01 1.261239471585988980e-01 3.628035786027413237e-03
2.472545622020259283e-15 6.754264479305912481e-08 1.562023827193265568e-06 1.883480333526741041e-04 1.454759731740766331e-02 1.837360270815860119e-01 3.240332254009099106e-02 7.691230754610883791e-01
6.740830793253362068e-06 1.131353629338705501e-02 5.710924147069330187e-02 1.606180926817532273e-01 5.048078920832921312e-03 1.106403212062674786e-02 7.547433951006674580e-01 9.688258124491240172e-05
6.746816274900062599e-07 5.806508184012289936e-03 3.812849949200222688e-02 7.847293170410568619e-02 3.504876257757935099e-01 2.958936783990377961e-01 2.278652562918329905e-01 3.344825471591667248e-03
6.794703294212853795e-01 2.532184533808039539e-01 4.804873203698347556e-02 1.913879025232927827e-02 1.065475937033614993e-06 2.265086969634333848e-06 1.203643441046445332e-04 1.586292951678683067e-12
1.290838577591864427e-08 3.756069638042871042e-03 1.624265714816399211e-02 7.771032324898936861e-02 7.267377492064276412e-01 1.449784831439079047e-01 3.021667258802786249e-02 3.580321180553611041e-04
2.675535826140709672e-12 3.761112024992835134e-06 7.468928046276522440e-05 4.145341038582556724e-03 4.703931608888071297e-02 3.549649414046340268e-01 3.591558195836909717e-01 2.346161314890484739e-01
7.486951887499142123e-11 5.346960285944601108e-05 4.193869100732058679e-04 8.881707706414004519e-03 1.395514025832890470e-01 4.709915042095151327e-01 2.849048675889082061e-01 9.519766132407264658e-02
2.808335779237813943e-04 9.079427730495735760e-02 3.294995951819357782e-01 4.421392679333637776e-01 1.168482739583840552e-02 6.121076842548380491e-03 1.194796149571603905e-01 5.068062728692978959e-07
1.249268010329844247e-01 1.255123927691094432e-01 1.249268010329844247e-01 1.249268010329844247e-01 1.249268010329844247e-01 1.249268010329844247e-01 1.249268010329844247e-01 1.249268010329844247e-01
1.491507098120679829e-08 4.656446035440586187e-04 4.708986472411661947e-03 1.280892812811451099e-02 3.745710257145382638e-01 3.632087741930437041e-01 1.948998062615227289e-01 4.933681971175465919e-02
3.123607573058940177e-04 2.171538997342181421e-01 2.180172963943252107e-01 3.373295656091194750e-01 4.926868712812403767e-02 1.705140444457753021e-02 1.608093549254739629e-01 5.743100685609632441e-05
6.784315534432669437e-02 6.297811985326448037e-01 2.037493015818960529e-01 9.772030255895843009e-02 2.847123412953142833e-04 1.314006390382487725e-04 4.899286452748267788e-04 3.565645502960563784e-10
3.539950986822624873e-20 2.379455611248235831e-11 6.074414137182287569e-10 1.638976592331729603e-07 7.679575684659358838e-04 1.780624490691558315e-02 2.125906139335850093e-04 9.812130423817907454e-01
5.105437627054690841e-01 3.388834040225818800e-01 1.270851646452600126e-01 2.331153690315137389e-02 1.544877935625932621e-05 9.178624296486128438e-07 1.597650792221298592e-04 2.529511123155033860e-12
2.956381607420434099e-01 4.330047700673634314e-01 2.251149224709657892e-01 4.583819210194060856e-02 3.274464483551674005e-04 8.814554956022610630e-06 6.769359029934499887e-05 2.407656173513341238e-11
1.249268043155907226e-01 1.255123697908647473e-01 1.249268043155907226e-01 1.249268043155907226e-01 1.249268043155907226e-01 1.249268043155907226e-01 1.249268043155907226e-01 1.249268043155907226e-01
1.145215849481637609e-06 2.277991287094732406e-02 3.544095678496668456e-02 1.628839812152460820e-01 2.222465266465336320e-01 1.569339982404086564e-01 3.960748989916975105e-01 3.638580034353407905e-03
2.360041431093794707e-22 1.829944702321954204e-12 3.351244500869508853e-11 1.492484979334783145e-08 3.982810263814739950e-04 5.883792592440518186e-03 6.065703638926356301e-05 9.936572543845965111e-01
1.211511197533061551e-01 1.519421617268566227e-01 1.211511197533061551e-01 1.211511197533061551e-01 1.211511197533061551e-01 1.211511197533061551e-01 1.211511197533061551e-01 1.211511197533061551e-01
9.994737112156115710e-01 4.458728322342963863e-04 8.016160375864328036e-05 2.539748112304282446e-07 1.366665637602611773e-12 5.516759181253595710e-15 3.722121559868241798e-10 1.609158795500172852e-23
3.934938152807701626e-04 2.086420683963201017e-01 4.042010035113998145e-01 3.355088781613804194e-01 1.548792118477954928e-02 3.528890465936331856e-03 3.223765270494859114e-02 9.175995370203481392e-08
5.926237780711879344e-02 5.233083005321774728e-01 3.006391155122402625e-01 1.081163102155702077e-01 6.053983030102180925e-04 5.749557463988942159e-05 8.010998276891258263e-03 3.778352403319734526e-09
1.152049747055886325e-08 1.842718502027412830e-03 2.175319379517776791e-03 2.025838783854599576e-02 3.617614086933481077e-01 3.731763391839142407e-01 2.133331766803186480e-01 2.745263820183082779e-02
1.218420668399168294e-01 1.471055321205824440e-01 1.218420668399168294e-01 1.218420668399168294e-01 1.218420668399168294e-01 1.218420668399168294e-01 1.218420668399168294e-01 1.218420668399168294e-01
1.249040041770983192e-04 1.864052880406971147e-01 1.919645675254615103e-01 3.701654936364739967e-01 5.543609689149722047e-02 1.198523036693885380e-02 1.839132861776629491e-01 5.133357130607283635e-06
8.856796429941023868e-03 4.625345734190397518e-01 3.356760624067551824e-01 1.699068939625333896e-01 4.459257879056079121e-03 3.198626396615999686e-04 1.824654044479018244e-02 1.281822238933106825e-08
1.248377473171701120e-02 2.336168126768724818e-01 3.469704388083599267e-01 3.308003470353808595e-01 1.052867703196442130e-03 3.182596719233312440e-03 7.189298583634824713e-02 1.764888933379672530e-07
1.302833511896306288e-05 4.588100487348537732e-02 1.708119016694545911e-01 3.825443575893132664e-01 5.575743516852655485e-02 2.165415895453815312e-02 3.233298928980138376e-01 8.220511552344588125e-06
1.195247764023781283e-03 2.618283290506417949e-01 3.365482652226051141e-01 3.017148776264423349e-01 1.911491503577443865e-02 3.136043305550575977e-03 7.646187452828426268e-02 4.474666774844504742e-07
1.211323803528922688e-01 1.520733375297544099e-01 1.211323803528922688e-01 1.211323803528922688e-01 1.211323803528922688e-01 1.211323803528922688e-01 1.211323803528922688e-01 1.211323803528922688e-01
3.757302107465520604e-28 2.245583141703984247e-16 6.549346406683489748e-14 7.420615288695693256e-11 4.066048823780402247e-06 1.067639906743787071e-04 9.970551643934395409e-07 9.998881728310633488e-01
2.170452492370688679e-13 7.531782506149366955e-06 1.746395263913826643e-04 5.074139774774928321e-03 3.961496909007081735e-01 4.640431066055231146e-01 5.189168139025083365e-02 8.265921001962205084e-02
1.250114831223980150e-01 1.366384795894205195e-01 1.250114831223980150e-01 1.250114831223980150e-01 1.250114831223980150e-01 1.250114831223980150e-01 1.132926216761910715e-01 1.250114831223980150e-01
4.691974551609144617e-02 5.088462421804801350e-01 3.152034133414901573e-01 1.241405163832389608e-01 3.044852285845793885e-03 1.817754033053164573e-04 1.663452624868106420e-03 2.264680945878644535e-09
6.868450563331821995e-12 2.703824527411202632e-05 4.872439539822411817e-04 9.653270537953831040e-03 2.578911296770886041e-01 5.391728716573424007e-01 1.345476594889357114e-01 5.822078643255275410e-02
7.797845676505815902e-09 9.983105873470304696e-04 5.291483207550471204e-03 7.298566368603341681e-02 2.979457344672221675e-01 3.134295716326626069e-01 3.026891325397539911e-01 6.660096081584459572e-03
2.126168739287184324e-15 1.657950445069009885e-08 2.034402296257160708e-06 1.583977003406754482e-05 5.946086645205574117e-02 7.664096383779607502e-02 8.833314935957480019e-03 8.550469640223543610e-01
1.211511197533061551e-01 1.519421617268566227e-01 1.211511197533061551e-01 1.211511197533061551e-01 1.211511197533061551e-01 1.211511197533061551e-01 1.211511197533061551e-01 1.211511197533061551e-01
1.050930732653161670e-02 3.979272216058126754e-01 3.297251792582993057e-01 2.297373794558766891e-01 4.478115042951231507e-03 1.045301776223176229e-03 2.657742828717231040e-02 6.724713372981046879e-08
4.693274641589405272e-02 4.824238742281802828e-01 3.297903641793450413e-01 1.289913653594831067e-01 3.600034287028114387e-04 8.932795385807713949e-05 1.141229490807317039e-02 2.352646353541323873e-08
2.114107710700633812e-03 5.385769718412009022e-01 2.570781825445885849e-01 1.839673874213668958e-01 1.055790850109983824e-02 9.846164058797230671e-04 6.720612037740781794e-03 2.135374255328827421e-07
2.973725328104554408e-09 1.501478033100461709e-03 1.196207560851755575e-03 1.097245982293810693e-02 6.918291002450815963e-01 2.593345217857960239e-01 2.872313384058386432e-02 6.443095737927877903e-03
6.163353864436198931e-14 6.017687100269732351e-07 2.805938918696883604e-05 1.246549786583765577e-03 5.679932944314027010e-02 4.091476768145592136e-01 1.200606182164625363e-01 4.127171645812969247e-01
2.082302861889020196e-01 4.354599668470366391e-01 2.787694040784152172e-01 7.580314740401311591e-02 1.408826995377239683e-04 1.780629867801302542e-05 1.578506394612400835e-03 8.880525232020095658e-11
7.414849628624371185e-15 9.751820809264291860e-08 7.044354372702166307e-07 3.968211145029204654e-05 2.704691244058072749e-02 1.214507073623729561e-01 2.126252236302487303e-02 8.301993737689185027e-01
2.680245220752626198e-05 8.320142462308537101e-02 2.071044348953573200e-01 3.710684888420497929e-01 1.441283693554414602e-01 4.791452026593911312e-02 1.465274192049166313e-01 2.854036100204418054e-05
1.134608755497758922e-08 1.960642670389688060e-03 3.527056801480401779e-03 3.108421735932329760e-02 4.291453815724031728e-01 3.431797171269752589e-01 1.822238554588296588e-01 8.879117664511843727e-03
1.218420668399168294e-01 1.471055321205824440e-01 1.218420668399168294e-01 1.218420668399168294e-01 1.218420668399168294e-01 1.218420668399168294e-01 1.218420668399168294e-01 1.218420668399168294e-01
4.385695340599268799e-01 3.969813089858774124e-01 1.374339505035290232e-01 2.684682756895958103e-02 3.516518074654271207e-05 1.501950003196218554e-06 1.317117465035085174e-04 4.453473930765367534e-12
2.913670429576758132e-09 1.896709589684745264e-04 2.100231284996266750e-03 6.204577167005442644e-03 3.979497315418412673e-01 3.603764724208051717e-01 1.361959084804502396e-01 9.698340523226284260e-02
1.137508975739014438e-01 5.153954872351467209e-01 2.876331022754717304e-01 8.203754836543802886e-02 1.223466258174985011e-04 1.029297882607220831e-05 1.050324899781378144e-03 4.561937172948529469e-11
5.196335028538208547e-10 4.129543508181483390e-04 1.703749512893599181e-03 1.697344638192897076e-02 3.934166699824677149e-01 4.141974453540002710e-01 1.526265022014135775e-01 2.066923169684376643e-02
9.174451165299160022e-13 5.105937723420929892e-06 3.513187880192244041e-05 1.226872437710403892e-03 8.537558068789921628e-02 4.112922328807004924e-01 1.921118894277076272e-01 3.099531867485365577e-01
1.910729795587337923e-02 4.734397399385122940e-01 2.966207162815536758e-01 2.016114075670677186e-01 1.466096073882468351e-03 1.249804420575358153e-03 6.504913376689568615e-03 2.438584498893101415e-08
5.790135242108784182e-10 2.708313721974267717e-05 6.084728180875340064e-04 6.204025355202377225e-03 3.081742913778231629e-03 3.248523364352268183e-02 9.565533938962387239e-01 1.040047656938070672e-03
7.530275073673087238e-02 5.466093426453554338e-01 3.180112909168799074e-01 5.875982989088773811e-02 8.362832867728491222e-04 1.967816234022761563e-05 4.608242962460132124e-04 6.479550998346638302e-11
1.105695900026859857e-01 5.321344840862998193e-01 2.786079330083081063e-01 7.423835941013763595e-02 2.185621906113415153e-04 1.596383925107052113e-05 4.215107371870841467e-03 9.083496040732209165e-11
1.764806366290339131e-20 1.863781566117630843e-12 4.614827832129618392e-10 5.653516964765148699e-09 1.184418131334442903e-03 1.149675923838895750e-03 4.360922573881575114e-05 9.976222906022236270e-01
9.379020802503693988e-04 1.306080182651373212e-01 3.419360714029223147e-01 4.057903252253582393e-01 4.607983723700066411e-03 1.185922348534948663e-02 1.042595963037290102e-01 8.795135547665339470e-07
3.737549524989605232e-05 9.942877930295561384e-02 2.179857944915617740e-01 3.691785605182621444e-01 1.118944328066097255e-01 4.068122015057284296e-02 1.607724126649383578e-01 2.142456985005442222e-05
1.358894091848642903e-08 3.969162357351245854e-03 3.177325212109086312e-03 2.515013967708050815e-02 7.117477862734796767e-01 2.142471397049181270e-01 3.393577257583783868e-02 7.772660610277106440e-03
9.432995829519911224e-01 4.198150161796922186e-02 1.394181817933481948e-02 7.709237661671339325e-04 4.075203323462600268e-08 1.412250166763793673e-09 6.131320252541783708e-06 1.776467234297055471e-15
1.507616300966240706e-09 1.121473286779106079e-04 2.734635800894347820e-03 9.743523923696394140e-03 3.346040073637391310e-01 3.896580422245229935e-01 2.176800379620717485e-01 4.546760388877957304e-02
1.611007305317505286e-14 4.428452952824682336e-07 3.751305625732271792e-06 2.174716965989887838e-04 4.012114110092447616e-02 2.780235697059410538e-01 7.461776171110930111e-02 6.070158616344866198e-01
1.448710761995753412e-14 2.946535183822167464e-07 3.347049735374988675e-06 1.962201877795505776e-04 4.032202445567714677e-02 2.803518651284458429e-01 1.083937731834498236e-01 5.707324753413804963e-01
6.721081979901212425e-07 2.867384861968273399e-02 4.483280439798822958e-02 2.929808128204270390e-01 3.211690342429551204e-01 1.026444664988272887e-01 2.095190529558070558e-01 1.793083561140936563e-04
1.094142490136798927e-07 4.904241080536014645e-03 2.672352089658558416e-02 1.356208943867354133e-01 2.494597134937770466e-01 1.857266618582171513e-01 3.962163838468698018e-01 1.348475023030482056e-03
1.140985125202870925e-04 1.167000623942727189e-01 1.848147748983612060e-01 3.721528712088780777e-01 1.387438596213715902e-01 3.208221677589083443e-02 1.553623640141635620e-01 2.975257454172230252e-05
9.926904264015052051e-13 5.012329797382340345e-06 2.156816396398965070e-05 8.868364863369110687e-04 1.860939357609898703e-01 4.273489530106547862e-01 2.614286044345128304e-02 3.595008338038136464e-01
1.480692422214987536e-01 7.299010494719813114e-01 1.119029222195793705e-01 9.949411686687094358e-03 1.731879201329906818e-04 1.223207946738701265e-06 2.963272072504553370e-06 1.021312300956228621e-13
5.609646815785320623e-03 4.004101942700479255e-01 3.697608567527579382e-01 2.148539865290844675e-01 2.093722000000360940e-03 2.639090560379769358e-04 7.007679954921414676e-03 4.621366097300698456e-09
4.286585757180436107e-02 5.595048564927689316e-01 3.080501686603679401e-01 8.300197364445936754e-02 6.560358790173128393e-04 3.661585857617835469e-05 5.884491438079150587e-03 4.549267472630535313e-10
1.211511197533061551e-01 1.519421617268566227e-01 1.211511197533061551e-01 1.211511197533061551e-01 1.211511197533061551e-01 1.211511197533061551e-01 1.211511197533061551e-01 1.211511197533061551e-01
1.845066691872687543e-09 6.848032797222847190e-04 4.945784245960201803e-03 4.433458419814462204e-02 3.399298219697912127e-01 3.496495002333023239e-01 2.459092224267847016e-01 1.454628180122883099e-02
1.250114831223980150e-01 1.366384795894205195e-01 1.250114831223980150e-01 1.250114831223980150e-01 1.250114831223980150e-01 1.250114831223980150e-01 1.132926216761910715e-01 1.250114831223980150e-01
2.927776939441374834e-04 9.192762379461315303e-02 2.546443951044788934e-01 3.353150554110122528e-01 9.492708067305344333e-02 7.050715475414841282e-02 1.523125801846371696e-01 7.333238411277139739e-05
4.781131963101480607e-03 3.405757427643222868e-01 3.623780818617777233e-01 2.545011133638514500e-01 3.178738938369268102e-03 7.587035658486424678e-04 3.382642919038879314e-02 5.835233764835561583e-08
1.190383778441878037e-17 1.141287079284889575e-08 4.688115096860442590e-08 2.392165752673338177e-05 6.109349124162253425e-02 1.502087611773650910e-01 3.818301566671095646e-04 7.882919374727876960e-01
6.431363885936310349e-06 5.068876362202749675e-02 8.107823145577322532e-02 2.920565557207402962e-01 2.988868989049674463e-01 8.918767625853402103e-02 1.878392240113937184e-01 2.562186626663183085e-04
7.970620496384630107e-04 7.953860013373452442e-02 2.749273294936556700e-01 3.873978664470615341e-01 8.556995347673342772e-03 2.003389830691342660e-02 2.287424632094399446e-01 5.785011883905415222e-06
1.218420668399168294e-01 1.471055321205824440e-01 1.218420668399168294e-01 1.218420668399168294e-01 1.218420668399168294e-01 1.218420668399168294e-01 1.218420668399168294e-01 1.218420668399168294e-01
2.760980255991409001e-08 2.440533005118445536e-03 5.561932370153838470e-03 6.604034240140971290e-02 4.450563977541329708e-01 2.851255217180919121e-01 1.889781459140379705e-01 6.797099227252256098e-03
9.694939103629348249e-11 8.099037376975875061e-05 3.193227826455532679e-04 6.995328618860432827e-03 2.929005883372630681e-01 4.925204717466580284e-01 1.010015687932210721e-01 1.061817292506327115e-01
5.248397035221333181e-10 8.433635257676478118e-05 1.880705522602597792e-03 1.732616908335041228e-02 5.100316885478927732e-03 3.488804748528499811e-02 9.400767368439222338e-01 6.436873019446668525e-04
2.445441628800676731e-10 1.199889902567822039e-04 4.854202910326058627e-04 1.385495977646928126e-02 2.564561497298172288e-01 4.470703968612224077e-01 1.948226003546428831e-01 8.719048375201458867e-02
2.465574875512052400e-01 4.406118132447301994e-01 2.743993207855214278e-01 3.759093845424332780e-02 1.564383541376264050e-04 6.837582719176176152e-06 6.771639995979918851e-04 2.784527725718706730e-11
3.496839260713835787e-03 4.952760783126676225e-01 2.842513381291319474e-01 1.883722316464504221e-01 2.130751950298779424e-02 4.378710132166862591e-03 2.917108801022569742e-03 1.742148600243159836e-07
4.676573894019501743e-01 4.435674368622740116e-01 8.445184274937053703e-02 4.282846040437787542e-03 3.922107883438203865e-05 1.095230932756621617e-07 1.154344026144128736e-06 1.434183441137708428e-14
7.701525443950051342e-01 1.505268971508993137e-01 7.678534162323871759e-02 2.512169877940382146e-03 5.238544068058612869e-07 7.934683653984640338e-09 2.251516382401027628e-05 8.700624136204105067e-16
1.211511197533061551e-01 1.519421617268566227e-01 1.211511197533061551e-01 1.211511197533061551e-01 1.211511197533061551e-01 1.211511197533061551e-01 1.211511197533061551e-01 1.211511197533061551e-01
6.954506629670595408e-02 5.575597913351928447e-01 2.826019703772428837e-01 8.819542648856652789e-02 1.492133897716178825e-03 5.979383872222249403e-05 5.458175192030107533e-04 2.466512386022397792e-10
2.846055439795380436e-06 2.055415119703513788e-02 4.672839810576065456e-02 1.849378559373257569e-01 2.547458056265505255e-01 1.475612289367631835e-01 3.448925635590947003e-01 5.771505820296137564e-04
6.952868443504472095e-05 6.305036924466264625e-02 1.918404235161955962e-01 2.769404679866384611e-01 1.022786706271523738e-01 1.160685269839012435e-01 2.495675056154796345e-01 1.845073415331137617e-04
7.300135418753478204e-03 2.441868867582178970e-01 3.380705987091482956e-01 3.277799125250187018e-01 1.365043178897949868e-03 4.236095757604616679e-03 7.706106595330565467e-02 2.616990538826993606e-07
1.211511197533061551e-01 1.519421617268566227e-01 1.211511197533061551e-01 1.211511197533061551e-01 1.211511197533061551e-01 1.211511197533061551e-01 1.211511197533061551e-01 1.211511197533061551e-01
1.226110115214543300e-01 1.417229193498201478e-01 1.226110115214543300e-01 1.226110115214543300e-01 1.226110115214543300e-01 1.226110115214543300e-01 1.226110115214543300e-01 1.226110115214543300e-01
1.627009407852713155e-02 4.304973768849469917e-01 3.755099261865825211e-01 1.612182753504288468e-01 4.164519490797719513e-03 3.903049043844279784e-04 1.194948730840010749e-02 1.579593186602505959e-08
5.869373607988681747e-03 5.051198953222064691e-01 3.312381878032370497e-01 1.412399994976549777e-01 1.478131337095847653e-02 3.567509812914594104e-04 1.394474753440547296e-03 4.663223366782950535e-09
8.224975558295462286e-02 5.361143878899377047e-01 2.786441471829706473e-01 1.001827362551484801e-01 4.752023055159044942e-04 4.247212559917446222e-05 2.291297926437193318e-03 7.314358867367142728e-10
4.602941779950688230e-06 1.415127911581392194e-02 8.640438365343229565e-02 1.577590342215732799e-01 3.132681926511940440e-01 2.196344893973949108e-01 2.078689176634418989e-01 9.091003553706668468e-04
4.734922375912497226e-03 3.609264863481270180e-01 3.718086190792444512e-01 2.266303267482550343e-01 1.067745753911514620e-02 8.535634846981283129e-04 2.436857977362753142e-02 4.465101950421361026e-08
2.281028025959543242e-06 5.954209478419577456e-02 2.783162501090167065e-02 8.367007509610042970e-02 7.425622359839781916e-01 7.349181305115942697e-02 1.283748435959921469e-02 6.239068604004334082e-05
7.703475310945832044e-01 1.582154442087755630e-01 6.646427107993187200e-02 4.963160135133025744e-03 5.773822752334805488e-07 2.333195386088872377e-08 8.992767297296893478e-06 5.150888806465339054e-14
2.388139155849436368e-02 4.367784013849492220e-01 3.396284254037635897e-01 1.847701350833333422e-01 2.311807590418137916e-03 4.104286059924205313e-04 1.221939704105263168e-02 1.333199592462862963e-08
1.340110775785822643e-10 4.265186098659931943e-05 4.413145833506829682e-04 7.926010371310306113e-03 5.320084262303592659e-02 3.057607994254071260e-01 5.525556351138354305e-01 8.007274588806094495e-02
1.336569678177583376e-05 4.720774948699275192e-02 8.721277283801771862e-02 2.969257524446003993e-01 2.362257096327704808e-01 8.227691779481084711e-02 2.499181532955555562e-01 2.195788104702280162e-04
1.905115918824857555e-13 1.410304592600630008e-06 1.358644222426862455e-05 5.713981573164263585e-04 6.404275908303591613e-02 3.580434040208572699e-01 1.905080988019106081e-01 3.868193431898731549e-01
1.248732864619199051e-01 1.366229006395502932e-01 1.248732864619199051e-01 1.248732864619199051e-01 1.248732864619199051e-01 1.248732864619199051e-01 1.141373805889303178e-01 1.248732864619199051e-01
4.243396132923272224e-01 3.390230298449563029e-01 2.010491533424108024e-01 3.364665013063041638e-02 1.276746526781096930e-05 1.561286816958989121e-06 1.927224611854800500e-03 2.573519734018937109e-11
1.294540667555559529e-16 3.719119954755550945e-09 1.215512933159177510e-07 1.228438332664152787e-05 2.108812250201546386e-03 7.211142133348633076e-02 1.748518708811231531e-02 9.082821696744608486e-01
1.078900098083923952e-05 2.114013883321379239e-02 7.988372423802563016e-02 2.143871033873646081e-01 3.168053463804715308e-02 2.933005402793460378e-02 6.234632017719289321e-01 1.044541025054634135e-04
3.749396618607762632e-01 4.703210501657976716e-01 1.289117015937438770e-01 2.568192433719258469e-02 8.231063462777050402e-05 1.989816277634090619e-06 6.136158624426306569e-05 5.340874828303237127e-12
1.162375185174042763e-03 3.814768987722848559e-01 2.577802958202281558e-01 2.935393438532319377e-01 3.337079104673285751e-02 3.274866504835679745e-03 2.939451161178536012e-02 9.172057277618241889e-07
1.255968921745761469e-01 1.336127800688733935e-01 1.255968921745761469e-01 1.255968921745761469e-01 1.255968921745761469e-01 1.255968921745761469e-01 1.128058668836702111e-01 1.255968921745761469e-01
2.316198776765932113e-24 2.560444457574757661e-14 2.027568040937201705e-12 4.916175812904589738e-09 5.849793033779596331e-06 1.287490698236479127e-03 1.019695252537540102e-04 9.986046850652492424e-01
2.515839296529340295e-12 1.706513935676803477e-05 6.929644972170769879e-04 1.600465860687001751e-02 1.031190275773358200e-01 4.221747554572533589e-01 4.251728066940170248e-01 3.281872202543313632e-02
9.878297614915478421e-05 1.393774906351666065e-01 1.652306188131543452e-01 3.324223073595089506e-01 9.454411397621435842e-02 3.692734153170960931e-02 2.311926849408577345e-01 2.066597672386916748e-04
1.249450927234477260e-01 1.253843509358655850e-01 1.249450927234477260e-01 1.249450927234477260e-01 1.249450927234477260e-01 1.249450927234477260e-01 1.249450927234477260e-01 1.249450927234477260e-01
1.249450927234477260e-01 1.253843509358655850e-01 1.249450927234477260e-01 1.249450927234477260e-01 1.249450927234477260e-01 1.249450927234477260e-01 1.249450927234477260e-01 1.249450927234477260e-01
1.325812499606745555e-02 4.651280062799036941e-01 3.182838652995725881e-01 1.883439644553794867e-01 3.804117348943339590e-03 4.665495006831952294e-04 1.071534066461377749e-02 3.145483666047200842e-08
3.453779853160746723e-05 1.369148928653849406e-01 1.684953466968461544e-01 4.108215936546459890e-01 1.959840605715675588e-01 2.038547155117579820e-02 6.735815601258676732e-02 5.940849260887410490e-06
1.246441203255661615e-11 2.112283777834294760e-05 2.477561459422678372e-04 1.106732127108409763e-02 8.164649410654192807e-02 4.158437842541750640e-01 4.202557773284991138e-01 7.091774404351244843e-02
5.168923110223988537e-03 4.296751826188795476e-01 3.939555595999689741e-01 1.632846954746796642e-01 3.692880914394789868e-03 3.906651356901566486e-04 3.832091024151682533e-03 2.122011911739610278e-09
8.532583151262180567e-04 2.269210788259772293e-01 2.355305489256691032e-01 3.199988444197643944e-01 2.361762423467795094e-02 8.079635800797683315e-03 1.849883594526232911e-01 1.065002536374105842e-05
8.286905736777986678e-12 2.873192805874612429e-05 3.238813156367040952e-04 1.269275429660519233e-02 6.659681099170237928e-02 3.719899287310249325e-01 5.032105557864789969e-01 4.515733694220831068e-02
3.844881385273465901e-02 6.723415082971800905e-01 2.340288466988240945e-01 5.420558085454586783e-02 6.214505065273275225e-04 7.875543572566942344e-06 3.459242355741597380e-04 1.104077636106204834e-11
4.909758870593709553e-14 8.307963499182247882e-08 7.826873437762606281e-06 3.099503431750578954e-04 8.882569927856434362e-04 7.762272040095873071e-02 7.740321481643216428e-01 1.471390141456392076e-01
5.781780155234963266e-05 7.770421106886836460e-02 2.283459786849947604e-01 3.641409793364673853e-01 1.913938451873745117e-02 1.261659009572611151e-02 2.979893183606359131e-01 5.720133017799303807e-06
6.653415681926284735e-03 3.985909870714517411e-01 3.281570541314618450e-01 2.273262327652646742e-01 4.409460062659699940e-03 1.034611235170068916e-03 3.382752296939502828e-02 7.160826711196056495e-07
2.155619025014369750e-01 4.985312017482713687e-01 2.521284294168505413e-01 3.309081604402334259e-02 4.927793009971125895e-04 8.246987746154457518e-06 1.866239695326564344e-04 3.114262169579497546e-11
3.009776918367957667e-04 2.939670690648893414e-01 2.625093805856704154e-01 3.521124598014240825e-01 3.567247247242970321e-02 3.668119747303394147e-03 5.176918127793697644e-02 3.393585097910734316e-07
6.203009676508613915e-13 5.120374713788954645e-06 1.301757317851956112e-05 5.834154184953601078e-04 3.457654079728288976e-01 3.765498386459523172e-01 6.906075025403090456e-03 2.701771249888068605e-01
2.802066327206357635e-08 8.293293910411812754e-04 1.068092707271400300e-02 2.973421867663881418e-02 2.841388992956954129e-01 3.702053515373490700e-01 2.914966850647645602e-01 1.291456094113523426e-02
2.349685908806144283e-03 3.135598378339337633e-01 2.864680854227575346e-01 3.011304811236790724e-01 1.555276134659484312e-02 4.928814903481644645e-03 7.600935808143613470e-02 9.753793110569269983e-07
1.337112365306218991e-05 5.863396945834761786e-02 1.325412520434053887e-01 3.643868233026213432e-01 1.499196051849650824e-01 3.944191469996458088e-02 2.550224559778841993e-01 4.060820915946895484e-05
3.505823164117542855e-17 2.173429682320578437e-08 1.395549752658940467e-06 1.263624886460601459e-04 4.145595566108301044e-02 1.829656362281078807e-01 1.669329249729248690e-02 7.587573358408239432e-01
7.165733330089454770e-04 2.257423292178182550e-01 3.768624960329653995e-01 3.317495046685055571e-01 9.777771023649971943e-03 1.450917758423647804e-03 5.370035574027359065e-02 5.222535304495701763e-08
2.999249977334857895e-06 1.009337241841126546e-02 8.552694050041627361e-02 1.789861030745091008e-01 1.114208648799256268e-01 1.939937120510454305e-01 4.194158068334635225e-01 5.602009922500710178e-04
3.436174492690803801e-04 1.839330516414803551e-01 2.881345046881934047e-01 3.439048198193079831e-01 4.209767535399299571e-02 8.713187512917870345e-03 1.328705023591331136e-01 2.641175705312604789e-06
5.109984677129366912e-06 2.920107786823835858e-02 4.422074400896917196e-02 1.835125161920713177e-01 2.361327071525912979e-01 1.363220867781095025e-01 3.687545900366537843e-01 1.851167978690038867e-03
1.881825883975890062e-07 9.787810454743008093e-03 1.220374951860025807e-02 7.734509450835919120e-02 3.247466433467559033e-01 2.564010678590415426e-01 3.035488931284018310e-01 1.596655300150927326e-02
2.202383702407561053e-02 5.803649819724305825e-01 2.981775637993541728e-01 9.596960706646973094e-02 1.651147160380868253e-03 3.803216461035056239e-05 1.774830622271019029e-03 1.904069313164353428e-10
5.996869991642430654e-03 4.115465424781391546e-01 3.804728470148830421e-01 1.854032402609900043e-01 6.277962321097975244e-03 8.916060582430644253e-04 9.410913860292665148e-03 1.801471109026956185e-08
8.601651025074458223e-03 3.764208587486353452e-01 3.422776482599114156e-01 2.321620188315459410e-01 7.859431993438369818e-03 8.994367492291953804e-04 3.177874129433728295e-02 2.130978236553234905e-07
2.952287145001214475e-01 3.341526744608152022e-01 3.093740007967459293e-01 6.091653278629121510e-02 5.782707657617051493e-05 4.418237151429907428e-06 2.658321375219404757e-04 4.774819571473423906e-12
2.585871948022070278e-12 6.772386728603963164e-06 1.687727205874022573e-05 6.292308811968983732e-04 1.936720687243759786e-01 3.371685345669271916e-01 1.408456705880515962e-02 4.544219491073200334e-01
2.113023420870714653e-02 3.853793554512730535e-01 3.707722579662488527e-01 2.078504385012454048e-01 2.135403100770482364e-03 4.408100285159716777e-04 1.229148806135447504e-02 1.268188482757332656e-08
1.201485392233975491e-01 1.589602254362174061e-01 1.201485392233975491e-01 1.201485392233975491e-01 1.201485392233975491e-01 1.201485392233975491e-01 1.201485392233975491e-01 1.201485392233975491e-01
2.613243640026703093e-09 1.043830323471014879e-03 8.769352096250829579e-03 6.925125280059396538e-02 4.372476667602104294e-01 3.150496825704600101e-01 1.655940176284851073e-01 3.044195207280266276e-03
2.192827027197463594e-06 2.656385086327182204e-02 6.074801343474921234e-02 2.392026847896783215e-01 1.246761287188390688e-01 9.529046461471188390e-02 4.524880192584213590e-01 1.028645493298029935e-03
3.753882569749230486e-05 1.618746921219905432e-01 6.573662044280990935e-02 1.610905520597766261e-01 5.692687009609584958e-01 2.934239071647160371e-02 1.262588851205124520e-02 2.361636024465569916e-05
1.229345025980165252e-05 1.022879303654206512e-01 8.581651634993200939e-02 2.288548439717330296e-01 4.049630941662205608e-01 8.392174813842692704e-02 9.396937253846199267e-02 1.742010195453025454e-04
3.160758012228256423e-09 6.214712354662080144e-04 2.950720129851040503e-03 3.638766491665026276e-02 2.535505786755109514e-01 3.836163427527734537e-01 3.045194764780661534e-01 1.835374265092449414e-02
3.981729493110257485e-10 1.346823484470287269e-04 3.646939229349336915e-04 6.647192939829230617e-03 3.296281352936192843e-01 4.397189864799315728e-01 8.465825341877447618e-02 1.388480551982893829e-01
1.022532778337425452e-09 5.468680882260210487e-04 1.104593878613898718e-03 3.060851937355012903e-02 3.547557183657434332e-01 4.075806480637252927e-01 1.721201889533146290e-01 3.328346225429393290e-02
2.688634911412519533e-04 1.895378358471929703e-01 2.467050314995568594e-01 3.493628323871797448e-01 1.048737662233161783e-01 2.116388662651387531e-02 8.807213336181374252e-02 1.565056328473968754e-05
3.418056483893350261e-02 4.990453142348729165e-01 3.317924693552274928e-01 1.239743595030232126e-01 9.528788816075089941e-04 8.176989221516590728e-05 9.972642137693270292e-03 1.156427152929272812e-09
2.180378338587913128e-07 1.033323580139349114e-02 2.280212368930600517e-02 1.756267215254428415e-01 1.815749913267801774e-01 1.321505853083653759e-01 4.767435260718181911e-01 7.685982390608109716e-04
1.954738751645421983e-04 1.426481329983559365e-01 1.876429392813429575e-01 3.576128026613654698e-01 8.876094422187426336e-02 3.431599870844805750e-02 1.887981448856043687e-01 2.556336784408237537e-05
2.043489589536625196e-04 1.972984083185037596e-01 2.046765706647425964e-01 3.288369482959274670e-01 6.270206974670401723e-02 2.233522048185307071e-02 1.839215462210390117e-01 2.488731227632729501e-05
8.516692754690450284e-01 1.315663820879920953e-01 1.307792443145705703e-02 3.683212729859383812e-03 2.886896045572801474e-07 1.496203019855894775e-07 2.766971711943407423e-06 2.755073164130475780e-14
5.179547562717735643e-01 3.556807307752756220e-01 8.674945644924755839e-02 3.915019084691642726e-02 3.678043902007601265e-06 9.169156130971837449e-06 4.520184438108980200e-04 1.294286043672499144e-11
1.345292723307438472e-07 2.839207130325641613e-03 1.499016716237043870e-02 1.206664984731228019e-01 3.256040076723392129e-01 2.371225287854143160e-01 2.949420907125939184e-01 3.835365534561886811e-03
3.649857338047664788e-03 2.680135744703064371e-01 3.169330760329930330e-01 3.103145256693322085e-01 6.660132570471943153e-03 1.164455334733334804e-02 8.278189346014409866e-02 2.387111371029661230e-06
6.255917282411658977e-08 2.473308253173686459e-03 6.179267310497809328e-03 4.422541762831605494e-02 3.253058852698473280e-01 3.023544685206825400e-01 3.094126348703120644e-01 1.004895558799635651e-02
9.932074997783182368e-01 5.324660760217357104e-03 1.427668578036994998e-03 4.013668920675722015e-05 5.754995832207500534e-10 1.666389109804528923e-11 3.360205706613386458e-08 1.593524665169526904e-17
8.748373464898896766e-04 3.906138064206282623e-01 2.737348948868859044e-01 2.701882954687407912e-01 4.160687517716788603e-02 4.425724166852404093e-03 1.855339390138395494e-02 2.172631850312545292e-06
9.565872287381766011e-05 6.103696755803512258e-02 1.842276140264489104e-01 2.683713152831349036e-01 1.135147680463323427e-01 1.142166984350957704e-01 2.582885700104767812e-01 2.484079176019248587e-04
3.804976554424639920e-06 4.050115578628163404e-02 5.333576715927752093e-02 2.752822662374120322e-01 2.102102506613176269e-01 8.525450644609873507e-02 3.351236442143593619e-01 2.886045186986980105e-04
1.000531370342409160e-01 5.244566043425936686e-01 2.904047421932166584e-01 8.375164784190497480e-02 7.066974491101844259e-04 3.485583286558957577e-05 5.923151963199607727e-04 1.097477420609196010e-10
9.104845379751303385e-11 1.185286920772849129e-04 1.686378328999227913e-03 2.391567330758916782e-02 2.940351653925156183e-01 4.618171662863063687e-01 1.973405700580258826e-01 2.108651784343844315e-02
1.229221565816546735e-01 5.906771938243047249e-01 2.517969991278340425e-01 3.383989762634816850e-02 6.661458250057153679e-04 7.225052334933159857e-06 9.038195034530588248e-05 1.217401567103258388e-11
5.079787707125670663e-14 2.034190954714227445e-06 6.460364119026682365e-06 6.876116616326181322e-04 3.466864590777541943e-01 3.784584718077115828e-01 6.167192312747806979e-03 2.679917705850299869e-01
2.219659105733624347e-19 2.362526285468358455e-10 1.367514763173561214e-08 1.659735086518327174e-06 4.945794548130832274e-03 4.173167785843916872e-02 2.920939170569110377e-04 9.530287600298797956e-01
6.787478154842192129e-05 6.743796947731470204e-02 2.366146075418676664e-01 3.396234621574897861e-01 1.403167949286039384e-01 9.327235822056909043e-02 1.226027899940047988e-01 6.414289861813225432e-05
4.347001325247932813e-01 3.650088101341364966e-01 1.698947410814561909e-01 3.019428165424546673e-02 6.726366893457453103e-05 3.052846003046676945e-06 1.317180858523251828e-04 4.578399138616140353e-12
1.996716354454748654e-01 4.854606123671728057e-01 2.662805507370333835e-01 4.818993612950658867e-02 6.557281601182248659e-05 3.772214713027634845e-06 3.279202322414551704e-04 5.785304116241499093e-11
1.249555960344417987e-01 1.379074788328114864e-01 1.249555960344417987e-01 1.249555960344417987e-01 1.249555960344417987e-01 1.249555960344417987e-01 1.123589449605374713e-01 1.249555960344417987e-01
2.830186199639832534e-01 4.766279685889440176e-01 2.000337211455077147e-01 3.867984865638775249e-02 4.716888906573754760e-05 2.889701874371171813e-06 1.589783047317816760e-03 6.919265663136356528e-12
1.017852600114743655e-02 2.107666808390551982e-01 4.863332080853977057e-01 2.543540644845591059e-01 2.856367570748670178e-04 1.355467144046958888e-04 3.794631549102012863e-02 2.162733985713836256e-08
2.517126880795504650e-06 2.857445345475557313e-02 5.768343381898168726e-02 2.237546445356628777e-01 2.300075415537442269e-01 1.237014478995703409e-01 3.348298774725702032e-01 1.446084137834770115e-03
4.095757071304440634e-07 7.419634013844423476e-03 2.213296073880169704e-02 1.155189685538609290e-01 3.629994990585883041e-01 2.158927658252688397e-01 2.744678809142543363e-01 1.567881319673779987e-03
5.184227486947685264e-07 9.712242894315631370e-03 2.069562112210375504e-02 1.434664286258895416e-01 3.216425498268570271e-01 1.922008579522829497e-01 3.101657748603412479e-01 2.116006295460975267e-03
9.999909094756819217e-01 7.919910918605468659e-06 1.169717134091327199e-06 8.962354167688905281e-10 9.371356564813946682e-16 1.283176251822374307e-18 2.891216889062900534e-14 1.549641818965983156e-28
8.456140997840094764e-01 1.400308692222446416e-01 1.149318709213871005e-02 2.860327336907283937e-03 5.334209592845926471e-07 1.186938991100823290e-07 8.644498264411661445e-07 1.801466329342491391e-14
2.404241212579452269e-16 5.465819621025276322e-08 3.794408593619534382e-07 1.020558908706096070e-04 2.915053113542259364e-02 2.011504638901177866e-01 6.807327691844585263e-03 7.627891872926875205e-01
2.439322344437270650e-03 2.518606283587445094e-01 3.658666887810070878e-01 3.333809064163972824e-01 1.387666958046517539e-02 9.128633647911627708e-03 2.344651564131645244e-02 6.352297204383363684e-07
1.426318693858570881e-05 6.707386987370023146e-02 1.046526795698848461e-01 3.392233532240175320e-01 1.999936324566053414e-01 5.092107464476732653e-02 2.380394923682942476e-01 8.163467579210159804e-05
1.168707767383287734e-14 2.496935241447427696e-07 5.365361501221176728e-06 2.072406532337372044e-04 6.848668422572073977e-02 2.458550033253391609e-01 9.896993351003753603e-03 6.755484633896656765e-01
1.004073145888984128e-03 3.098992923497715379e-01 2.762195730787015413e-01 3.072355829428081719e-01 2.925184239188835175e-02 6.523879903563502454e-03 6.986316811656471948e-02 2.588070813828733380e-06
1.247334030479265859e-01 1.361422229097140058e-01 1.247334030479265859e-01 1.247334030479265859e-01 1.247334030479265859e-01 1.247334030479265859e-01 1.154573588027266173e-01 1.247334030479265859e-01
4.106466453744796823e-13 5.035515490047669717e-06 1.965220604172968706e-04 6.083511487321130277e-03 7.221157189934232501e-02 3.871900297319068041e-01 4.258783406849462327e-01 1.084349886201670249e-01
3.669364953840990595e-01 3.466963193479111749e-01 2.335193019598248432e-01 5.183401754670140249e-02 3.757167098734910091e-05 5.475575410112370023e-06 9.708184990313883976e-04 1.603455898207494778e-11
6.440475366113787232e-06 3.114442603120259542e-02 1.289527052635887350e-01 3.395412614753468561e-01 1.042379675614353018e-01 4.110293192001692603e-02 3.549791709830795727e-01 3.509628996442772385e-05
3.830811746639660844e-05 1.505125973128208505e-01 1.282106831034154903e-01 2.726971912307557533e-01 3.019355274089210450e-01 5.638760421430025205e-02 9.013619075879190923e-02 8.189785352868728151e-05
1.249268178220374337e-01 1.255122752457382418e-01 1.249268178220374337e-01 1.249268178220374337e-01 1.249268178220374337e-01 1.249268178220374337e-01 1.249268178220374337e-01 1.249268178220374337e-01
