8.001578510013386417e-04 4.555584712280346671e-01 3.973903346286853377e-01 1.264522462085394816e-01 1.111019598522260295e-02 1.654520101391176307e-03 7.034070506683611640e-03 3.490441725658093652e-09
8.356198687759665289e-02 3.568378899276343219e-01 1.484839189599142517e-01 1.474388602123679892e-01 9.417251143554684900e-02 1.233267969599652347e-01 4.241916939737158665e-02 3.758866229602982924e-03
1.622729172328958233e-03 5.244734981027086018e-01 2.808205193206849137e-01 1.826872764093677715e-01 5.563868275793608896e-03 9.287089561875372292e-04 3.903396267340501682e-03 3.495588050052559182e-09
4.455426580551833609e-07 1.093941902924633683e-02 1.446644569933659523e-02 1.375669442286619193e-01 2.112220426922624128e-01 5.729005556403338195e-01 5.000858287900666194e-02 2.895564288494071291e-03
1.227896665743942528e-16 2.113655191720739529e-08 4.205674517753339688e-07 1.490392532812648111e-04 2.073308337101318483e-02 3.515761744638595254e-01 2.015863742430159047e-02 6.073826237835404651e-01
3.936378448085275759e-06 2.246638370915267705e-02 5.233933161063362982e-02 3.060447053215188951e-01 2.156894941608377119e-03 1.848712518504712354e-02 5.984991907987272652e-01 2.432054865836805913e-06
5.545780398086589803e-07 7.559989629581365805e-03 2.467418081990176149e-02 1.194350374507036350e-01 2.496660374239311198e-01 1.073251686981553307e-02 5.879136124909966066e-01 1.807073702855450812e-05
5.393536313346622979e-01 4.111819096867590506e-01 4.221117022247890260e-02 7.242012293461840694e-03 1.113584614495608988e-07 1.886058762336730588e-07 1.097649828104198305e-05 1.935494974855988188e-14
5.727801009981896989e-08 6.471351698908477286e-03 5.770738486606595379e-03 3.036858225838680592e-01 3.248971440842671199e-01 2.708244933293009193e-01 8.733766239551038479e-02 1.012730143500431470e-03
2.577812087707000628e-13 1.532286889235093898e-06 2.252415940369096762e-05 1.420618441388846881e-02 1.095033181609963643e-02 8.245610976330618180e-02 7.049891100135601274e-01 1.873742075465953949e-01
2.585965612473969608e-11 8.166355082018646682e-05 4.228049527311413067e-04 1.282572058212119205e-02 6.105648542856208227e-02 8.621316877786228128e-01 5.908513080684887897e-02 4.396506874434601662e-03
1.203959576713834942e-04 1.159209137731509465e-01 3.948520063309536310e-01 3.852408547386013127e-01 1.494455432731162320e-03 1.949988188703256214e-02 8.287125919810296726e-02 2.326817577859786641e-07
5.505548722098236453e-02 2.869690877368000770e-01 2.259798120889063289e-01 1.392031508449003141e-01 1.111295571979601104e-01 9.729714301889817729e-02 5.492590938163278980e-02 2.943985250992009126e-02
7.461504735192677279e-09 6.272868787262673258e-04 6.993262479582222982e-03 2.145846742316170896e-02 3.450354555717087268e-01 3.454733778253002985e-01 2.465801210355285100e-01 3.383202132448727417e-02
3.073113104660070145e-04 5.088529887384100059e-01 2.228175267581179730e-01 2.024386559171394429e-01 2.937111064153152123e-02 1.943342915729986270e-02 1.677853420773524687e-02 4.432692999627635052e-07
1.064405139503480681e-02 4.731739666937086475e-01 3.028937105027224019e-01 2.125536992748405796e-01 1.557096734339780391e-04 2.770433482971350588e-06 5.760919802680757344e-04 4.650912746275625747e-11
5.401637814436610282e-20 1.301920949001877660e-11 6.760214652379173014e-11 3.159487232619045925e-07 5.651194159736061410e-04 8.067815522353261048e-02 2.979734998988290795e-04 9.184584358312501973e-01
4.040663701467653857e-01 4.993285038445010593e-01 8.402800837601057116e-02 1.253133674196753658e-02 8.879558181639209493e-06 4.507942508225436764e-07 3.645053829675851825e-05 2.623943213908339578e-14
1.502403659180263362e-01 6.451037161466827152e-01 1.773726121810896839e-01 2.717537935471369542e-02 9.451813797248069526e-05 1.831381293503990914e-06 1.157687961525319967e-05 6.066745613895032495e-13
5.387256274197859546e-02 2.869204624811624860e-01 2.270896289425980707e-01 1.409634840053489990e-01 1.110922505938720384e-01 9.575722245515444486e-02 5.535435070974688981e-02 2.895003807013866656e-02
1.227813086128648640e-07 9.529087864383029016e-03 2.629246389101936102e-02 2.529531730913091025e-01 5.000443383464554109e-02 1.766135328876861088e-01 4.836978333934769947e-01 9.093522561719602623e-04
2.694609294301068357e-23 1.973768502678434575e-12 5.209041244136429436e-11 2.309048260081002020e-08 1.417144122608563178e-04 1.930910977968566464e-03 5.056074306037402452e-05 9.978767907221626210e-01
9.647707913339806374e-02 2.637755683468203660e-01 1.539953269482184361e-01 1.356787179726703374e-01 7.540026693657631007e-02 1.778266560738680779e-01 8.845415587324562123e-02 8.392228715202983483e-03
9.989258302254137023e-01 9.999460490462232839e-04 7.412279390751926717e-05 1.009124003192335548e-07 9.772889757775616735e-13 6.140542017204483452e-15 1.824884286035078651e-11 6.236095108505466061e-26
4.528400449452731243e-04 2.088032045747256760e-01 2.239561986216247191e-01 5.242468504479745883e-01 4.077444458866396650e-03 2.536514435986539362e-02 1.309825536058952487e-02 6.213140929978678798e-08
4.913434454261999401e-02 6.094831765035872984e-01 3.209596404473231135e-01 1.904553945450025709e-02 4.700949500543631990e-04 8.603401658460125613e-05 8.211699893002604844e-04 9.603027012435311587e-11
2.256685226649116609e-09 2.266191993315510439e-03 8.638621663699667030e-04 1.569653715720085649e-02 6.393518621822906478e-02 8.899835464717025246e-01 2.542737569112839269e-02 1.827298045368398261e-03
9.922190369104029462e-02 3.417251653883218165e-01 1.255464314560073014e-01 1.506797384801324136e-01 5.849109374554071344e-02 1.439821468343379374e-01 6.017441710969743257e-02 2.017910329492184074e-02
2.067283861091689089e-07 1.740779816787770690e-02 1.120789188565152333e-01 7.763823321033764824e-01 8.898760518193141525e-03 1.458271651018599839e-02 7.064899302991423102e-02 2.740854977741022046e-07
7.104655696142637110e-04 3.589892426798549918e-01 3.645401799417835598e-01 2.524688266254532243e-01 7.772468484165361707e-03 6.215712069026833701e-04 1.489723972925849869e-02 5.762967487313145927e-09
1.334470176099471087e-03 8.642179284542129969e-02 9.899357662156275939e-02 7.601414035498601507e-01 2.558503167896624395e-04 7.031797789168500734e-03 4.582084572804130673e-02 2.629730557490659597e-07
9.279319992743013837e-06 1.115072144660849696e-01 3.918706459817617449e-01 2.909108889341714410e-01 9.525811233460718119e-02 2.099293339442900516e-02 8.945069161094715282e-02 2.339580083485824720e-07
5.669872898278691944e-04 1.672866373933356021e-01 4.655783944685027431e-01 3.136333201732557363e-01 1.269545524434466388e-02 4.036728776971356888e-03 3.620218861712498626e-02 2.880366370451894795e-07
8.861991241530155217e-02 2.319199260947846786e-01 2.407681117994180386e-01 1.434771565896460765e-01 1.228142171928643389e-01 1.424792068550176094e-01 1.039199160276994133e-02 1.952947745019780953e-02
2.166506655798075516e-28 2.477952843105378509e-16 5.011504711796267583e-14 1.048666435295390978e-10 4.321665063465669555e-06 1.336021189161758422e-04 1.761819978126213900e-06 9.998603142911239861e-01
9.949953865093209741e-14 2.248974004193202581e-05 1.178969888535963211e-04 2.736800446557022259e-02 4.213855798625420479e-01 1.779809507544096725e-01 1.311875224081493763e-01 2.419375557803356835e-01
1.191899143231949371e-01 2.412900424702437152e-01 1.746659794520815934e-01 1.462479492064980013e-01 1.455600099505513501e-01 1.253525040293643478e-01 3.463698165271824475e-02 1.305661891534778789e-02
1.715757508805176162e-02 7.449849905275067741e-01 1.830037818130690885e-01 5.425967085273233209e-02 4.459809676402746656e-04 7.322443155615068072e-05 7.477631523347525897e-05 4.210127319745312566e-12
1.707276890637309657e-12 3.408211342760738432e-05 4.358382849055390720e-04 3.950215199295701446e-02 2.530265095039042622e-01 4.504826902925802568e-01 1.291189613016724969e-01 1.273997665088433262e-01
4.476435030553414321e-09 7.326223462826161274e-04 2.691538799640136488e-03 1.339420038207325969e-01 2.007624059530455918e-01 4.619949007350673265e-01 1.921870103875520097e-01 7.689513481244162826e-03
6.491384931959341834e-16 1.266733599727252225e-09 1.254194023312714577e-07 3.589048261735922036e-06 4.498374928492265140e-03 1.214974989821081541e-01 3.570395700653797972e-04 8.736433707849349251e-01
9.647707913339806374e-02 2.637755683468203660e-01 1.539953269482184361e-01 1.356787179726703374e-01 7.540026693657631007e-02 1.778266560738680779e-01 8.845415587324562123e-02 8.392228715202983483e-03
6.853844126252378773e-03 4.659809592521237387e-01 2.433658682004933016e-01 2.562344496242805469e-01 1.215213695646081898e-03 8.768601412870051298e-04 2.547280455213402420e-02 4.077844140061431488e-10
2.621681037276797979e-02 5.770309804990855218e-01 3.255698773682906277e-01 6.981772456043910946e-02 1.510072091160761935e-04 8.811534541631674397e-05 1.125484125777572331e-03 5.191069664220199467e-10
1.918043081480501951e-03 7.467409864680423226e-01 1.694298905775320496e-01 7.199426875396434944e-02 4.237760793445902001e-03 1.413526940895439921e-03 4.265523309133594822e-03 7.550857294882408331e-11
2.492704429383619719e-09 1.527950138327094712e-03 5.483410703420166926e-03 4.909585900991559476e-02 3.800595879676726963e-01 2.987942482250855944e-02 5.331311747759778230e-01 8.225900894677107972e-04
6.090715248042153969e-14 9.696774956642115037e-08 1.051935330193165316e-06 8.625866081619838104e-04 1.494435108109114577e-02 1.640922520538444784e-01 2.483329377597562684e-02 7.952663675777851271e-01
5.311792861139813526e-02 7.052590543254046995e-01 1.554408644138373374e-01 8.574123895107585436e-02 4.547948953298600928e-05 6.448262822411942382e-05 3.309515656099113476e-04 1.491684487380461786e-11
1.053660773860847360e-13 1.271370545466745012e-06 6.942791613407978298e-06 1.821601817725055532e-04 1.063258503633222884e-01 7.027055314911626605e-01 7.770345119459523553e-02 1.130747926068828707e-01
1.005164042501940979e-05 1.536909035448116301e-01 3.034866168980810408e-01 3.905692965658768556e-01 7.155319334790520569e-02 4.702268155001925604e-02 3.366710205619574681e-02 1.543966852696326082e-07
4.495491000883442193e-09 1.714824923408872579e-03 1.589233830198698641e-03 2.523142839753183056e-02 3.304941539097939751e-01 4.324639591751410772e-01 1.969877772770595170e-01 1.151861799137576109e-02
9.922190369104029462e-02 3.417251653883218165e-01 1.255464314560073014e-01 1.506797384801324136e-01 5.849109374554071344e-02 1.439821468343379374e-01 6.017441710969743257e-02 2.017910329492184074e-02
3.850983066869301252e-01 5.144795411161201537e-01 8.702716713077521260e-02 1.335094781011333942e-02 1.658667605686130070e-05 9.604827644795579762e-07 2.649009720166860480e-05 3.801169598475953340e-14
2.594968619942149717e-09 4.852465267054260141e-04 6.007845516281206527e-03 1.488578042359948311e-02 3.414428946772257167e-01 3.814846196253999233e-01 1.753279530551720422e-01 8.036565758064742604e-02
4.352306963200145429e-01 3.521273434085452347e-01 3.340961821689272110e-02 1.786866082212907880e-01 1.359500769545912058e-05 2.561876448043483214e-05 5.065200496968207643e-04 1.138069790451457666e-11
3.847920561527760920e-10 5.676205477123244048e-04 1.208367740533949604e-03 2.820663075363944242e-02 4.517072520006081282e-01 2.931936106974783462e-01 2.231950687466787153e-01 1.921449128556078096e-03
6.553919934333111329e-13 7.522662976547556342e-07 2.338537459191006534e-06 1.189865960760068527e-03 4.543334289302930484e-02 1.244823808415652516e-01 2.987134789304332627e-01 5.301778405697986640e-01
3.261550347050382048e-02 5.952359652649561461e-01 1.546604615496026125e-01 2.157610726462185213e-01 2.687396465498039194e-04 4.331791259747904348e-05 1.414938694760869194e-03 8.148137002352838143e-10
9.033880944534952653e-09 6.976728020757078097e-05 4.789950637865823704e-04 3.885214511571927209e-02 2.047507311632541013e-03 2.365792426212129929e-01 7.132245705558876159e-01 8.747763017671779384e-03
1.315281699796584380e-01 1.702295227149271950e-01 6.877238290992847558e-01 1.017713247375991864e-02 2.568501884116923713e-04 3.082782223500667900e-05 5.366772090335776769e-05 8.068345488758195498e-13
5.811693582409869357e-02 6.828499500614235718e-01 1.769335893343943755e-01 8.072937139674249418e-02 1.285964059386176270e-04 2.359404161799086788e-05 1.217962922905617548e-03 1.287849497300108213e-11
4.966049696348252331e-22 1.218694413149953787e-12 2.640190641492973755e-10 1.310230348203091361e-08 6.746091280169991874e-04 7.545803571454923545e-04 6.339982472940822763e-05 9.985073973225675470e-01
8.652002700725894247e-05 9.876906453909535533e-02 2.273317205846922817e-01 5.900802411865275765e-01 2.294605112774705715e-03 5.371867314242390577e-03 7.606514865275465498e-02 8.325829093186756313e-07
1.085369930184302124e-05 6.688696965983591258e-02 3.093716383565264239e-01 3.918859946860816512e-01 9.821341272063749406e-02 7.221629415653506301e-02 6.141163042349192386e-02 3.206297589782800904e-06
2.204778695701107770e-08 1.079945576369882934e-03 1.606572341303002204e-04 1.318365014262959552e-02 1.281673750416766067e-01 8.374621032147917532e-01 2.237305480077278474e-03 1.770894126253797982e-02
9.217855355580284460e-01 6.882028072717515099e-02 8.839396692240769279e-03 5.513958406730313936e-04 2.162611301659229763e-08 6.496061446126880689e-10 3.368906163691310665e-06 2.893562034137833781e-17
3.579303625886210655e-10 7.115433527146280404e-05 1.777925854429566023e-03 6.545626503836620563e-03 2.444659114272285660e-01 5.917827022264996462e-01 6.624579758693030507e-02 8.911088170787408169e-02
6.174777368305088766e-16 6.258158177858470739e-09 8.744972998961219524e-09 1.580523403871996520e-04 1.597435388926228810e-03 1.296144769416115658e-02 6.543873690091831299e-03 9.787391758833002831e-01
8.435897734615585406e-16 2.251182590838102617e-07 5.458046382864896441e-07 2.670290248256406286e-04 1.154468776007733406e-02 3.430134369978236203e-02 7.844009955539583967e-02 8.754460690370172715e-01
1.015873337784814180e-07 4.653184959034908919e-02 6.455407447043029490e-02 3.430485249407388415e-01 2.723646636134037236e-01 1.853926522423472723e-01 8.809227119900446545e-02 1.586235639281288667e-05
1.628379561305915871e-07 3.691302553969175691e-03 3.445835837254764694e-02 1.832308978356052831e-01 6.873699379915193530e-02 3.079737113284288785e-01 4.006013286156987485e-01 1.307244656642138391e-03
9.630881218134900324e-05 2.861768574680375044e-01 2.593506297269655980e-01 2.870393461460017948e-01 1.098634375962810328e-01 1.696315678075876326e-02 4.051019009438130286e-02 7.337539279313152868e-08
1.557758809947582496e-13 2.255044218692156893e-06 4.140385712913339575e-06 6.926136901928064624e-04 1.037766886352013418e-01 3.519334629025511751e-01 9.695401536998384320e-03 5.338954378049705074e-01
8.140924171627240968e-02 7.194562086729280326e-01 1.816270900276904798e-01 1.719554885666504593e-02 3.063677083432624526e-04 3.544190554573159798e-06 1.998827503861979433e-06 4.268277941644083220e-14
3.208598621752927794e-03 6.060864948044800693e-01 2.975189663544671737e-01 9.128576826650477982e-02 1.174980413550668918e-03 1.259001726703745238e-04 5.992913272300800067e-04 3.934406023352362164e-11
2.223131460271514023e-02 7.937930063493285893e-01 1.625790493407700821e-01 2.090785720884000970e-02 2.784594454906099488e-04 1.773089120229201206e-05 1.925821604801770872e-04 1.173085340067773535e-12
9.647707913339806374e-02 2.637755683468203660e-01 1.539953269482184361e-01 1.356787179726703374e-01 7.540026693657631007e-02 1.778266560738680779e-01 8.845415587324562123e-02 8.392228715202983483e-03
8.550890409741907236e-10 1.446357850340928859e-03 1.073599700884394527e-02 7.868895281800010466e-02 1.914261202282532270e-01 6.244150984261227499e-01 9.309716102041279417e-02 1.903117929373966796e-04
1.191899143231949371e-01 2.412900424702437152e-01 1.746659794520815934e-01 1.462479492064980013e-01 1.455600099505513501e-01 1.253525040293643478e-01 3.463698165271824475e-02 1.305661891534778789e-02
8.269269569844400335e-05 7.176504882102527350e-02 2.186532161870056168e-01 3.816737291292062184e-01 1.191801891206317188e-01 8.016586652740846641e-02 1.283196772879857950e-01 1.595802310385085153e-04
4.810134025116510198e-03 5.533867791575808326e-01 2.767455920148929049e-01 1.541684231775391489e-01 1.936717387693469685e-03 5.242733014255665947e-04 8.428080296345950503e-03 6.394073023778452716e-10
5.306664267844731410e-19 5.361858970401217849e-09 1.086864399832078722e-08 5.119883937426201781e-05 1.569694900689169378e-02 4.849768311661750014e-02 2.358718252194342549e-04 9.355182809813875622e-01
1.277084422453475498e-07 3.722965551021955449e-03 3.706096327554008526e-03 6.492310164052551569e-01 1.151244519383849418e-01 1.017070387697237809e-02 2.177591730468625419e-01 2.854651454797814251e-04
8.889895199448304315e-04 1.896909577776788036e-01 3.669143310097763844e-01 3.647815945769765089e-01 1.953205022553578755e-03 1.586295274586338108e-02 5.990707558059225890e-02 8.937666138338598224e-07
9.922190369104029462e-02 3.417251653883218165e-01 1.255464314560073014e-01 1.506797384801324136e-01 5.849109374554071344e-02 1.439821468343379374e-01 6.017441710969743257e-02 2.017910329492184074e-02
4.440168299560012145e-09 8.789013247053678113e-04 2.174968659134504569e-03 6.588333416410865895e-02 4.642966591774312923e-01 3.991744472360655993e-01 6.490247216906318284e-02 2.689212829322979066e-03
3.639398584757417828e-11 5.638444422264237517e-05 2.368900967571417853e-04 1.261070270899418248e-02 8.348181750371083676e-02 7.880382800649161634e-01 1.140281101653433382e-01 1.547814979660804089e-03
4.170622158856439009e-11 5.718553964018179925e-05 1.011285753820284844e-03 3.594284041961281345e-02 3.784211583946510502e-03 3.074997026254833871e-02 9.275924313485539585e-01 8.620750501697740584e-04
3.154563686144163682e-11 4.624754751187460966e-05 2.380386227058113265e-04 2.008766535771549719e-02 2.591059004238693841e-01 5.619263252145875187e-01 1.195858406865871193e-01 3.900998211547716810e-02
1.266509858267521500e-02 3.937712794079622491e-01 4.305875223646423167e-01 1.617573676434569951e-01 2.448841395257497409e-04 1.099102432090966300e-05 9.628568017181990965e-04 3.569861840776897149e-11
1.184466055957438023e-03 6.942990521057486042e-01 1.998279824916348868e-01 9.687862200420360725e-02 5.998735515058139199e-03 4.714460676542775648e-04 1.339695165242792444e-03 5.944990904677958075e-10
2.235398964117925602e-01 7.003358011014260143e-01 7.463385095639095412e-02 1.472289930376160117e-03 1.804670773273483669e-05 3.447413199462383283e-08 8.041814970578436378e-08 1.885751425120306332e-17
6.032769687208144882e-01 3.328864152228125373e-01 6.284984816207393743e-02 9.853072280555004187e-04 3.438361817951547773e-07 5.855314344657580662e-09 1.110974747854164769e-06 3.282947715759065881e-18
9.647707913339806374e-02 2.637755683468203660e-01 1.539953269482184361e-01 1.356787179726703374e-01 7.540026693657631007e-02 1.778266560738680779e-01 8.845415587324562123e-02 8.392228715202983483e-03
2.119417047544140328e-02 7.011941096932404749e-01 1.865279443835949902e-01 8.823966441846753384e-02 2.367297619373652604e-03 1.984390475837592141e-04 2.783740348378054529e-04 3.274604449444334098e-10
1.566327325423858260e-07 1.031760114157916075e-02 2.986332518155894455e-02 1.332148085318920760e-01 3.456918154296693690e-01 2.600054084366654750e-01 2.204013187657834771e-01 5.055658801185313606e-04
3.035853632576192425e-06 3.181571537776253095e-02 8.381161541071588394e-02 4.959272424497100373e-01 3.824700777994280432e-02 1.207823985854522414e-01 2.292476533243261450e-01 1.653312184586591281e-04
3.792205690603132721e-03 2.253162816699381954e-01 3.193196247032580315e-01 4.004573296803257687e-01 1.290504274766193999e-03 1.234785955806272893e-02 3.747541508501998908e-02 7.793380242949315464e-07
9.647707913339806374e-02 2.637755683468203660e-01 1.539953269482184361e-01 1.356787179726703374e-01 7.540026693657631007e-02 1.778266560738680779e-01 8.845415587324562123e-02 8.392228715202983483e-03
6.777898237483950816e-02 2.250482136587369508e-01 2.176982778450517741e-01 1.825840256631857672e-01 6.529699925804002825e-02 8.056083581417586292e-02 9.796940300050854811e-02 6.306326238546190732e-02
6.193868735260878167e-03 3.104063951490311224e-01 2.343835062461606389e-01 4.233007931474768171e-01 8.883419114979309097e-03 6.273469105182810862e-04 1.620465652404574214e-02 1.417252718757096651e-08
6.574720735055013645e-04 3.942408903897167138e-01 3.060618698271748706e-01 2.563822612243035759e-01 4.058194724984755253e-02 1.276768788709352126e-03 7.987874044194278721e-04 3.042324576270822913e-09
3.334330843888189122e-02 5.767556220858842675e-01 2.755140606816438575e-01 1.126274514732870935e-01 2.930601747018880907e-04 2.106547793635797958e-05 1.445431628730091487e-03 3.893464402304929777e-11
2.369645810274986799e-06 2.501010282486710798e-03 1.198061344258279960e-02 6.210962460046928063e-02 4.277306951706531107e-02 8.665001016716057380e-01 1.225633648062177290e-02 1.876874359359960573e-03
6.341870166652914878e-03 4.512255825040624724e-01 3.368113700496869756e-01 1.876761764028248569e-01 9.246711072107767146e-03 3.803842252718481545e-04 8.317904398488347451e-03 1.180904804244553863e-09
1.035990615757247940e-06 8.435614911642634606e-02 1.293098080171162512e-01 3.467357256716886993e-01 3.231854717523933718e-01 1.945067396827492023e-02 9.695454235902739581e-02 6.593124455057537162e-06
6.347526531250684556e-01 3.035258381751934631e-01 5.951975996082992798e-02 2.200682451603021283e-03 2.833453631428360331e-07 2.060743251281185414e-08 7.623345099996798474e-07 3.482050482760288957e-16
1.902290957184256739e-02 5.339602650164815278e-01 2.724375651147777910e-01 1.664729648945002527e-01 4.847705628340064337e-04 1.907418283738997709e-04 7.430782994450959439e-03 1.673854292775549690e-11
3.003897870570137687e-11 2.202781359464307356e-05 1.957841991883374087e-04 7.998585269753173688e-03 8.138924067981079258e-02 7.045545031764657296e-01 1.361701196639694411e-01 6.966973916717950077e-02
2.629293383211436150e-06 2.619581046063316696e-02 5.109079323404837336e-02 2.734718382800434000e-01 3.892835999601880759e-01 2.110048495791971013e-01 4.881453789893645812e-02 1.359412935698790640e-04
1.201575826975749397e-13 8.229959382638909772e-07 2.013638043768797721e-06 3.787263487331855773e-04 7.014578764784803674e-03 3.396424974670277375e-01 3.400190223269983908e-02 6.189594585526545512e-01
8.430514664470309394e-02 3.170747105594123871e-01 1.928943900124438227e-01 1.171503883425215609e-01 1.290651842133408445e-01 1.276606499107012238e-01 2.562830575742021041e-02 6.221224559457903640e-03
1.698858822660298806e-01 4.760441148274914824e-01 3.046268605979858823e-01 4.930019743328332982e-02 7.336220441474950102e-06 2.971089674365969737e-06 1.326375619790550993e-04 3.114934828091927514e-12
3.536318091527665767e-17 5.069949495263641256e-09 4.420887196391647047e-08 1.183557508728167107e-04 9.436232252121759360e-04 4.155416260985567156e-02 9.424722668639236300e-02 8.631365824488489435e-01
2.371542287525645791e-05 1.343337487656431906e-02 6.355284217160348838e-03 4.017183124999585409e-01 2.238370933385732536e-02 3.701136693516849374e-01 1.858035326758211425e-01 1.684016220783758069e-04
1.635814915455748586e-01 7.232237586869981749e-01 1.016091624945397454e-01 1.152967024480333787e-02 4.946552377193379207e-05 5.153597029912257032e-07 5.936144557778468558e-06 5.118561106286438441e-14
4.659604044239642790e-04 4.635051050168008113e-01 1.538671197691015846e-01 3.610157087865764614e-01 7.679886543058165628e-03 2.307954312331058234e-03 1.115825451342271346e-02 1.065428574873184931e-08
9.221827003157767599e-02 2.638019670558745533e-01 2.471080564549515135e-01 1.483823355976324476e-01 7.896391199727635646e-02 1.104537390332061414e-01 5.702884646578840200e-02 2.042873363693150854e-03
2.131075493592346619e-26 2.708488950222287741e-16 2.031736402176038426e-14 4.857105628450028311e-09 1.238094701862159629e-07 4.654071953696572718e-05 3.554045695134884530e-05 9.999177901569161753e-01
9.626104860728324862e-13 1.161442536330266851e-05 1.385210324793526059e-03 3.945446049688297596e-02 3.452241113355725838e-02 3.733915376778191297e-01 5.491520064122533684e-01 2.082759528368735482e-03
5.881441770954811278e-05 5.813520576026543624e-02 8.832557174298090452e-02 5.031187763859400475e-01 4.965052647635161132e-02 1.023888605160521853e-01 1.980851457976165741e-01 2.370989030835309291e-04
7.884893417250933567e-02 2.577338103225853549e-01 1.997918082250734195e-01 1.738480511614248214e-01 1.074146858319023068e-01 9.018080154180395380e-02 6.574960918265693177e-02 2.643229956204391773e-02
7.884893417250933567e-02 2.577338103225853549e-01 1.997918082250734195e-01 1.738480511614248214e-01 1.074146858319023068e-01 9.018080154180395380e-02 6.574960918265693177e-02 2.643229956204391773e-02
3.494196340884455840e-03 3.294660922075457465e-01 4.024458370149333053e-01 2.527202885011488043e-01 2.914494691465689073e-03 3.739530966716611299e-04 8.585131133634762296e-03 7.013715503639379902e-09
1.024506003389456604e-06 6.007013567276379279e-02 1.282703091613473789e-01 6.567894692188690486e-01 8.705782735901561320e-02 1.319993381856527856e-02 5.461119539832674785e-02 1.048651086669884720e-07
2.113856710463702023e-12 3.887375095209022376e-05 4.635057119201038841e-04 4.190744425208078883e-02 1.384626175237607115e-01 4.479370584359647078e-01 3.672870066303281500e-01 3.903493692882823666e-03
7.480102611216808261e-04 2.213462068948254535e-01 4.771421366659397423e-01 2.967674592617419171e-01 1.992169142350984096e-03 4.152572551668447243e-04 1.588760287490117908e-03 2.313637413675466134e-10
3.136911550924142826e-04 2.330422553282272824e-01 1.962424671285540323e-01 4.767939979453874044e-01 9.841609717505452049e-03 1.545624659210272436e-02 6.830885945414059968e-02 8.726789901921412107e-07
5.244027543756381587e-13 2.564286045911879847e-05 1.537205827153804636e-04 5.169861443843869891e-02 3.659572166504505841e-02 1.539963218693483626e-01 6.633138003184382292e-01 9.421617826502899640e-02
3.455742122365786789e-02 8.161670825336392321e-01 1.323669571109102883e-01 1.659417120927881434e-02 2.882655201899683088e-04 8.656233323590735269e-06 1.744616897361938007e-05 2.745955382246636610e-14
8.888003067753642825e-14 2.934876179041628919e-08 1.640695052361217536e-07 4.732769559573019925e-04 9.770289678538619262e-05 3.480325868442468717e-01 6.367909445219617215e-01 1.460529536270476110e-02
2.422299574555377672e-05 1.169952928321573993e-01 3.405033201942971877e-01 4.331260020396333621e-01 1.103754471610769380e-02 6.328303876071042500e-03 9.198517891665512758e-02 1.344293332508509605e-07
1.945390635612195005e-03 2.430423341423784411e-01 3.170487929900498436e-01 3.905361386573764082e-01 3.699669081068592425e-03 4.244427040213233186e-03 3.948257375858516688e-02 6.736947160837932643e-07
8.517432807156403995e-02 6.635686782771068604e-01 2.352997438619451320e-01 1.571830009414594553e-02 2.099055134219828022e-04 4.436541804606445336e-06 2.460763990531440244e-05 1.060895108576524970e-13
5.258928266073387018e-05 4.288891325066494509e-01 2.141727647883697738e-01 3.239245145738936515e-01 9.935962415031500058e-03 6.897328383666610947e-03 1.612768374766056570e-02 2.430206851522959465e-08
2.916100094200186251e-14 2.583930975174466943e-06 9.956147517169799352e-06 1.976830834463354052e-03 3.274109995350152347e-01 3.610641507588926991e-01 3.621925815222778403e-03 3.059135529778867491e-01
2.969933837360113902e-07 1.179571460045750197e-02 8.341215070534299669e-02 1.300850334208619175e-01 2.795523322880550388e-01 1.692601485821823848e-01 3.249834739265529127e-01 9.108494831637584934e-04
1.252033897991744384e-03 3.571323772598181123e-01 1.747379300835709415e-01 3.491372104604605342e-01 2.213576985811809353e-02 1.393803402283625044e-02 8.166566286749302184e-02 9.815497112950889760e-07
2.147296988068941967e-05 2.457440360490278364e-01 2.110346049677242763e-01 2.678129569687123790e-01 1.908296257387855910e-01 6.114854249203597464e-02 2.340846003944398179e-02 3.007743897829530507e-07
2.865694598645792943e-17 7.926122660870547401e-09 7.338492523631034467e-08 6.849063069778788990e-05 5.270915244131695043e-03 1.061960658923691014e-01 2.107983056601952631e-03 8.863564638651526550e-01
5.506135575572761003e-04 4.958341417373685611e-01 1.408156705401800435e-01 3.274643130235825872e-01 4.542034191701705206e-03 5.608886138061972872e-03 2.518432692505313819e-02 1.388649433405828637e-08
3.719530344510103661e-06 2.622091953950982015e-03 2.068947688838979754e-02 1.465770837309483543e-01 3.855585807324482528e-02 6.881209909710871431e-01 1.021011092975956241e-01 1.329669554439969967e-03
1.732277813716843421e-04 3.228844956485131257e-01 4.229699134343148925e-01 1.809098231197899254e-01 4.942347483054815999e-02 6.406551257608151737e-03 1.723246164259784746e-02 5.228525608446687679e-08
1.399285510051614161e-07 9.315933338014514148e-03 7.280812024224530589e-03 3.091508425507908386e-01 8.864427995741661070e-02 9.671817660498224778e-03 5.735940117452253961e-01 2.342162795276341372e-03
1.149114306386068592e-07 4.559682934235280080e-03 8.097411284431260334e-03 1.212698425552273668e-01 9.629294526379801600e-02 6.590803053283543766e-01 1.014019280480919494e-01 9.297769674430819350e-03
1.454017159721513516e-03 3.430466491431728437e-01 1.638058427139214845e-01 4.713553523588280836e-01 2.344972828351434176e-03 1.880740421314914537e-04 1.780509148726092811e-02 2.666129843488468162e-10
2.446539018119603653e-03 5.923903508404226859e-01 3.228192522951571219e-01 7.767628755779719396e-02 2.505206407633145393e-03 3.224967594843942899e-04 1.839867076449607300e-03 4.493628827561041969e-11
2.696061182855815849e-02 3.034570856852668030e-01 2.514240993304974608e-02 6.066728172826477694e-01 5.084635550061023315e-03 1.530794284199368457e-02 1.737411463110403662e-02 3.822473156454498254e-07
1.939182541932808201e-01 4.001018229059316589e-01 3.465652432719193987e-01 5.915177681882764077e-02 6.254885762810901751e-05 1.400177896590619498e-05 1.863521675155029142e-04 5.932472410601171607e-12
9.664226329762614563e-13 1.606990401730834682e-06 1.299616235724858544e-06 1.258329409302313051e-03 1.568917539416450346e-01 2.726188332950089666e-01 2.228348450637573225e-02 5.469446922400652555e-01
7.861453707563024682e-03 4.670231743060467289e-01 3.495325558738393568e-01 1.704996512732658565e-01 1.082296502378423753e-03 1.875721172875370764e-04 3.813294637928448839e-03 1.581690389252607187e-09
1.059444561533807033e-01 3.060321854846270173e-01 1.901193707517760956e-01 1.056996885169135120e-01 8.058320347442597675e-02 1.878768562779430940e-01 1.950699271228124865e-02 4.237246628653055028e-03
1.091027426893245104e-09 2.080459166937395112e-03 1.076796887004174107e-02 4.893802773522807487e-02 4.063659771282993050e-01 5.063414378773035684e-01 2.541184738503890483e-02 9.428074612909660246e-05
9.792867124771410314e-07 1.226098559013942373e-02 3.022802517595313959e-02 2.783183571793807487e-01 4.324618162156861761e-02 2.955315448348612706e-01 3.393799092859453026e-01 1.034017025441573683e-03
1.462776299678139633e-05 9.511738054834299738e-02 3.380269751805818623e-02 4.208382798412797499e-01 4.005907773892046220e-01 3.133720975645982315e-02 1.829049735956218489e-02 8.529824095362497811e-06
9.138885522934264285e-06 1.445875606200086316e-01 7.384120370104400866e-02 3.403484839682096585e-01 3.163883879803465193e-01 2.777477827542539773e-02 9.703833444751450155e-02 1.211212192749610303e-05
1.975938397021695269e-09 8.344021620722389147e-05 2.967096376673150637e-05 1.953461542182495167e-02 2.106785725341235246e-02 8.915531622780445975e-01 6.329526855133302266e-02 4.435983339474387950e-03
3.859156381143154294e-11 1.319047320396450097e-04 1.734408547930401897e-04 3.235607782349975842e-02 2.507198691765268328e-01 1.047596214926370256e-01 3.792436643083823000e-01 2.326154215735285746e-01
9.405293878763516629e-11 4.350962272430358539e-04 8.572720412153974831e-04 3.109632913882642152e-02 2.814138714811068032e-01 5.909917305352233585e-01 8.944728361070171385e-02 5.758416871630351805e-03
4.280789109523814429e-05 1.253604067229748265e-01 4.120208046141968228e-01 3.691410097051710526e-01 5.606231132557321778e-02 1.265637463482889580e-02 2.471435130745842923e-02 1.933798701261902023e-06
1.072337374052306259e-02 6.450817361847626108e-01 2.312743790040452108e-01 1.101621973565874990e-01 5.989531322643855838e-04 1.288501955707773339e-04 2.030510224108640193e-03 1.621379668518385796e-10
5.252855286734785081e-08 2.187086296731802909e-02 2.097373945448274477e-02 2.100993670144051528e-01 8.418856541899660817e-02 4.459485918962959317e-01 2.168372336461336924e-01 8.158707381438098894e-05
2.615555741366580212e-05 6.922617761941333991e-02 6.974762423182913340e-02 4.319093292828083408e-01 8.906610938414648293e-02 7.409727275588649797e-02 2.658905912068787458e-01 3.673996162376253377e-05
1.010458384534793812e-04 2.502938099222484225e-01 1.998418545091674159e-01 3.724651343814546767e-01 4.741554598790134745e-02 1.300273874786150342e-02 1.168785853945259745e-01 1.285218387138241801e-06
6.994549385555501875e-01 2.835964206736549253e-01 1.493127175986023146e-02 2.017026966766943298e-03 3.562126849890787645e-08 7.161016423146781007e-08 2.348127330037465166e-07 1.935763941167041024e-15
3.588310031470378636e-01 5.499239515484936058e-01 7.669678856070391570e-02 1.451267481110043479e-02 3.685870198950319020e-07 1.716193515831747241e-06 3.349715169342107709e-05 4.350298770104771642e-13
2.171289178359477757e-07 1.450628447906516204e-02 4.385337159726209605e-02 1.333947367027557840e-01 4.859116149776656624e-01 2.551448178522251475e-01 6.717080842833617060e-02 1.814883377217118101e-05
9.878161619994558183e-04 3.164689813949421726e-01 4.021382496525603423e-01 2.496666673073012488e-01 1.957568688906795567e-03 6.895001998489454741e-03 2.188479531726196178e-02 9.194785384172087409e-07
1.280013941351344145e-08 1.692262925023822664e-03 9.672247815187809319e-04 1.343124326044039807e-01 8.437649528710648716e-02 6.665612379257990217e-01 7.298693688081341058e-02 3.910339679519579670e-02
9.954768489265644060e-01 3.586507975255294987e-03 9.270432563875432566e-04 9.584675729361026035e-06 1.687849291186170339e-10 2.824008322512435458e-11 1.496903809880858245e-08 9.654046076066491811e-20
6.001687093722153338e-06 2.271577168792406898e-01 3.873528414327047087e-01 2.717163532301644091e-01 1.452839000240849048e-02 5.010508858598443100e-04 9.873642757632448974e-02 1.218306205563517474e-06
9.335153224921199726e-06 7.594773817989763920e-02 2.210464095969115195e-01 2.699694660355496656e-01 1.423551627297588162e-01 1.820434466550845676e-01 1.080183818996150874e-01 6.100597499579435467e-04
3.097569845353385093e-06 6.963548759560138357e-02 5.148360080121554272e-02 4.204267110522010298e-01 1.693890325895202331e-01 8.846020813131227900e-02 2.005953408165381258e-01 6.521443765614957125e-06
9.432149829116931450e-02 5.881302168389013207e-01 2.357360011973024527e-01 8.104528274768668661e-02 2.740076160910266049e-04 9.776463705224850258e-06 4.832168378462948556e-04 7.297743366277249873e-12
2.756578627067892126e-11 1.150894976768540416e-04 4.160331368950876654e-04 1.130772175116769550e-02 7.324804678863813812e-02 8.762475455660175827e-01 3.523602919513787318e-02 3.429534036900840164e-03
4.693830034342779539e-02 7.570632273350754726e-01 1.854233422468202774e-01 1.031000442420931286e-02 2.573581342444503117e-04 1.936824581310282088e-06 5.830691629404569989e-06 1.215740256272510839e-14
1.273270137354967306e-14 1.884684932948036660e-06 7.781967353261977802e-06 7.901721151224561090e-03 5.596615623665989192e-01 3.896620652998201706e-01 1.185180937777698985e-02 3.091317515227974197e-02
3.493007564748881322e-19 4.499662855396392084e-11 1.236156809539464150e-09 9.619390944661654217e-07 2.635392795941625182e-04 6.576436405514124450e-02 1.518845942218319789e-05 9.339559449856010831e-01
4.034834132949742931e-06 1.803343761797839354e-02 2.426677834153530555e-01 6.092164588109245660e-01 2.671235618898741906e-02 1.057601659723959056e-04 1.032595307549978164e-01 6.382116330910050509e-07
1.433285615976501726e-01 7.108632107169382541e-01 1.150406264559977604e-01 3.073635250094118240e-02 1.025193330148423988e-05 4.886099887591679425e-06 1.611069523837575023e-05 4.511729909636882105e-14
2.545377935117651425e-02 2.557577983747020278e-01 4.447930711067333842e-01 2.726908765219576147e-01 1.156747684613667964e-05 7.576726828834811253e-06 1.285330392479336467e-03 4.928033608289775022e-11
7.595522938749520170e-02 2.662663414077904300e-01 2.019736850499361802e-01 1.193426664583585872e-01 1.592443641089238415e-01 1.427544615171025544e-01 2.311741844132138290e-02 1.134583362907246908e-02
3.126735236307095489e-01 4.953256471302042718e-01 1.535807600650287708e-01 3.782994353206640958e-02 3.226523275043063351e-05 1.597571863205416567e-06 5.562628368938942131e-04 4.834793921516121333e-13
3.707519747894391648e-02 2.351090038328673137e-01 1.488182237282756892e-01 5.474720104374902752e-01 1.439349449171828236e-04 2.082551733258857039e-03 2.929893783977524646e-02 1.400044734751576466e-07
4.073612367431773374e-07 1.179661911930919398e-02 1.280648220229247541e-02 2.960277815468874696e-01 2.051228720985788165e-02 3.370430369861776576e-02 6.223401621841216924e-01 2.811956677675566275e-03
1.176778228556087914e-07 3.840971560408503339e-03 1.314671222358968980e-02 7.453773292625222313e-02 4.404181435985532467e-01 3.238572532830397144e-01 1.430529693843529127e-01 1.146099345980044343e-03
8.672278112811209354e-08 4.202953237222875615e-03 9.265374254524309447e-03 1.272387076728494215e-01 4.280582995461652551e-01 3.473070349321457639e-01 8.306533422075253192e-02 8.622094135587312714e-04
9.999725995792010380e-01 2.527717032072346600e-05 2.122632233959453856e-06 6.182400742290869531e-10 8.747294236445462789e-16 8.542403667653779688e-19 4.114406343919315388e-15 4.490302216382099101e-31
7.906296716119897150e-01 1.950428788539878278e-01 1.167674601267119742e-02 2.647766444520686935e-03 3.231455459032350833e-07 3.929839711498286614e-09 2.610001443713859719e-06 2.745160418665874432e-18
4.864096788390327171e-18 2.422284500355153782e-08 2.816930451468657831e-07 2.176706550399983117e-04 3.961835692161902456e-02 6.210688361870547736e-01 5.848213361632942885e-03 3.332466169587623983e-01
1.879886909870179951e-03 1.444484803273456131e-01 2.001901158769600897e-01 5.937228357953823199e-01 2.369729965764219570e-02 8.365093134709223471e-03 2.769393458068601654e-02 2.353717403563915717e-06
4.978221632291983853e-07 1.855329322959174687e-02 3.498112082342195311e-02 3.882128870632307049e-01 2.828045444388418983e-01 9.471928740329045582e-02 1.807060094038032694e-01 2.235981565583790228e-05
9.009200053422439641e-15 1.631524268584135372e-07 7.210941099378829529e-06 2.241933920118750550e-04 2.478443227438387880e-02 4.059798315815932312e-01 5.093573671861751674e-03 5.639105949866137779e-01
5.758810463845716234e-04 5.492504495181574908e-01 2.591057256673947040e-01 1.608804378022802295e-01 1.973762251191385486e-02 2.749340486293464555e-03 7.700515424724108972e-03 2.754285154258582667e-08
1.210510264629764271e-01 2.473276686385654233e-01 1.275754280536057772e-01 1.995161357336005803e-01 1.296265887328944821e-01 5.979312925228903730e-02 1.120451403572929744e-01 3.064882768775345576e-03
8.436415382320569695e-13 2.727866127115443193e-06 1.243437437768106576e-05 5.145763945203181595e-03 2.593579315154937934e-02 7.001194756556469168e-01 4.049292839114583542e-02 2.282908766151033886e-01
1.570899104925721490e-01 6.370556425745652618e-01 1.642147065155311059e-01 4.149200177191622596e-02 1.191005940754117733e-05 6.027622585774909553e-06 1.298009612976219729e-04 2.124419877083370571e-12
1.311285746958310091e-05 5.998061735286040752e-02 1.722416754382517512e-01 4.372566981315282875e-01 1.370828803933375195e-01 2.854854808921905920e-02 1.648750078212544989e-01 1.459916079270249862e-06
9.728910790079841012e-07 6.269049067146680032e-02 5.070264836453950569e-02 4.010113959062865385e-01 1.472893945894198087e-01 5.831755526595321266e-03 3.324683806584003976e-01 4.961392214465157007e-06
1.370597840375505083e-01 2.139272157137116770e-01 1.611020874506832179e-01 2.126515407877860031e-01 1.016574718248651893e-01 8.354858078196004956e-02 8.823858635286133123e-02 1.814733050582133548e-03
