7.287651367968440682e-04 3.436849806251801587e-01 4.176087878608963910e-01 2.056593643761361612e-01 6.062010351350364222e-03 2.738961597920947823e-03 2.351704910722413056e-02 8.094449547975536748e-08
8.504441829787853790e-02 2.067096125358799386e-01 1.367720510220813146e-01 1.892310025481805935e-01 1.057096442972568495e-01 1.667429052185660787e-01 8.040797437274153914e-02 2.938239170741586970e-02
2.184408121449075719e-03 4.016293557393877389e-01 4.216255704710027419e-01 1.635262890485637277e-01 3.793805316761373562e-03 7.621606522011956184e-04 6.478400812395805619e-03 9.838238371485362138e-09
3.252990064955319315e-07 4.538094221392709876e-02 4.058546981764162703e-02 2.905358611816273862e-01 2.697712797883551339e-01 1.835429570587819303e-01 1.684096191632984962e-01 1.773545477360970483e-03
2.441792310741710060e-15 1.439574965045115864e-07 3.736109639273437934e-06 8.871286899970215901e-04 2.374501743579686755e-02 3.141760622603645969e-01 8.010500711774024007e-02 5.810829044289633760e-01
9.826530298105150103e-06 2.437600253619287213e-02 9.304240212483289030e-02 3.281039052210845686e-01 4.241704427745746596e-03 2.102165697692391297e-02 5.291832146899446698e-01 2.128749297581625721e-05
6.791834312767392456e-07 1.209541987978342281e-02 8.143637255487319593e-02 2.298280794726835496e-01 1.800011032571718073e-01 4.125419689322397110e-01 8.382020374011886488e-02 2.761729796974586679e-04
4.604674656544071598e-01 4.424124186090797606e-01 8.236654722528537198e-02 1.472671440698250338e-02 1.818958132997720933e-07 1.426143353384864478e-06 2.524606500550660490e-05 7.245577515400676322e-14
8.205194390743487085e-09 4.722509607715042954e-03 1.913540065934142553e-02 2.472716400130865466e-01 6.271987486354747565e-01 6.548193664909547629e-02 3.606056249671126673e-02 1.291937333552246859e-04
2.090839631119448437e-12 4.299630670928466658e-06 1.259457034542104921e-04 2.183247342762689724e-02 4.616394320976050653e-02 2.139864874461330502e-01 6.498282694802646198e-01 6.805858109999826655e-02
7.658038756796448357e-11 1.135710304799222300e-04 6.612385814471046300e-04 2.058806690155256733e-02 9.842085263475928991e-02 6.466242707044370652e-01 1.986437375959038687e-01 3.494826247484161125e-02
1.372348090028127328e-04 1.123571502237933062e-01 3.763822359216602020e-01 4.314849200577053345e-01 4.937957445055371659e-03 4.308619551643660950e-03 7.039174165487910306e-02 1.403362632735969041e-07
1.065080440049787358e-01 2.308794694291911032e-01 1.870970211599715938e-01 1.485731915271706061e-01 7.292709869720777338e-02 1.182124384472225398e-01 8.539268866840075967e-02 5.041004806585698550e-02
2.103079397252635603e-08 1.504036909661030574e-03 1.465970096790861731e-02 4.761793404228006205e-02 2.105600221816960327e-01 5.606372795372021045e-01 1.587240605658684911e-01 6.296944764589764397e-03
4.356455388627980996e-04 3.972090721520636913e-01 1.993806874038963339e-01 3.084832150670573925e-01 3.101237208837948067e-02 2.443695545178635117e-02 3.903246056465487640e-02 9.591733298953878829e-06
3.030992708691535378e-02 6.731255793484882677e-01 2.150837182898193978e-01 8.129672626918585387e-02 4.542173100734221437e-05 6.539069957665636572e-05 7.323656330767234623e-05 1.170118355945827924e-11
4.445181493762366393e-20 7.621469501817358812e-11 1.461657339479204436e-09 1.167075655788335159e-06 8.528900240419640859e-04 1.924206998360229043e-02 5.961598844563686809e-04 9.793077114943711248e-01
4.942331459424593176e-01 3.820985592727769720e-01 1.099711332649589701e-01 1.365861692050624257e-02 1.134203765719847815e-05 9.772923146860441858e-07 2.622526900424968930e-05 3.224008855993294168e-13
2.542158629979616724e-01 5.210873619224339892e-01 2.031409755331994305e-01 2.139133127210610108e-02 1.430797087880464607e-04 6.617283449565666115e-06 1.477127620229152184e-05 5.858584839746343682e-12
1.065076857741932420e-01 2.308742996470810882e-01 1.870963120015123882e-01 1.485760372395863449e-01 7.292948622474873521e-02 1.182137557792874299e-01 8.539344972535647948e-02 5.040897360823393125e-02
5.466319061100079778e-07 2.504436989036818231e-02 4.880908436285567170e-02 3.374905132228792071e-01 9.035891488743127975e-02 1.640329936240326747e-01 3.337652051664189434e-01 4.983722141091804364e-04
2.396184095549771218e-22 7.671133904357663075e-12 1.006246599505256416e-10 7.073016427765287185e-08 3.040618829392041731e-04 5.393877696849286654e-03 1.471135912391522945e-04 9.941548759905121102e-01
8.725830957335055371e-02 2.241871734696419816e-01 1.601557133997162097e-01 2.243715758715523756e-01 5.821912653487281569e-02 1.314740397484522039e-01 9.036573846765338924e-02 2.396832293476051229e-02
9.992221298764676352e-01 7.140156208369294192e-04 6.370454145153879534e-05 1.499282567795631398e-07 1.149935040507031958e-12 7.510308331652465454e-15 3.183030616333009848e-11 2.944792115218677095e-24
1.359417768655950384e-04 1.891802987883301757e-01 3.549778175140045344e-01 4.328989852335347055e-01 5.154714284728827665e-03 1.849464946426939089e-03 1.580275924929480311e-02 1.820681288047918979e-08
5.955330505998022300e-02 6.589287519357205358e-01 2.202187199349693036e-01 5.985761772783439877e-02 3.295410540236002987e-04 5.646117291552482843e-05 1.055602431761971547e-03 6.827942993065112156e-10
1.582515773535401378e-08 3.745862452348992008e-03 4.568962720321349640e-03 3.319135189368112304e-02 2.200940837789116256e-01 5.800052241521234109e-01 1.473540544124548879e-01 1.104044476500065305e-02
1.134478069159031710e-01 1.961359209105200119e-01 1.754367652669559241e-01 2.006744068280448823e-01 6.816871823162795607e-02 1.259294320442799764e-01 8.542917908585424824e-02 3.477777071681385085e-02
6.511100227049995747e-05 1.935438082214617772e-01 2.230232877075373488e-01 4.367259410705576217e-01 3.747291106186396992e-02 1.740037537015695635e-02 9.176748743748856796e-02 1.078128676506374449e-06
3.804656446692285168e-03 3.968150959105877229e-01 3.306761255867070592e-01 2.510845007582259147e-01 2.910390225764299729e-03 3.173406418017969233e-04 1.439188745804993036e-02 2.972171118687783124e-09
6.717810693886585617e-03 1.863495321642747726e-01 2.338549254233308616e-01 5.003993128770192200e-01 1.166468720545802210e-04 4.777386950346986438e-04 7.208399535354208243e-02 3.792085703135478732e-08
1.683272153135600887e-05 1.826316689179768582e-01 3.319747370170431089e-01 2.710432135809477394e-01 7.883643028040814016e-02 6.876891127197837239e-02 6.672286911994666780e-02 5.337090168699628061e-06
3.772222065039452111e-04 2.342451649264296054e-01 3.513221160643337226e-01 3.658708755794715106e-01 7.670599706747340506e-03 2.827627457135075979e-03 3.768617873582798955e-02 2.153235507597253556e-07
9.994353693681165551e-02 2.473946688041572806e-01 1.384620133422685140e-01 2.248978830193452405e-01 6.390301063019108996e-02 1.139627043283288621e-01 7.184242112821856430e-02 3.959376181067920247e-02
5.796848347864594893e-28 9.031690050182887765e-16 2.389058977259642696e-13 4.636714238756856184e-10 6.289575675188412160e-06 1.996824590537383713e-04 2.290428255522112193e-06 9.997917370731017606e-01
2.200838717790662803e-13 1.672993402538009564e-05 3.387110385225562963e-04 2.505370644844082118e-02 5.055027324013575685e-01 3.212718632710248601e-01 9.381514512360161762e-02 5.400111178280103674e-02
5.822543867455741429e-02 1.697725918386052135e-01 1.749018739590035565e-01 1.820012748251162438e-01 8.718334968249470684e-02 1.855405985189979567e-01 7.766295531440624289e-02 6.471191718681870708e-02
3.435853391921511735e-02 6.131710367474475509e-01 2.832182808853097589e-01 6.775106430773161770e-02 9.801025155024903606e-04 1.444057854170916724e-04 3.765754357001618001e-04 4.036765301350121570e-10
4.747864658505614486e-12 4.549319023018312725e-05 1.050738404198005424e-03 4.044516843833952102e-02 2.009190881049994215e-01 4.917068384457340402e-01 1.849375624633222415e-01 8.089511094842748162e-02
5.058645853037649181e-09 1.191123159279855893e-03 7.319535506623217613e-03 2.765171626396264459e-01 2.010540382420942795e-01 1.537409524297599639e-01 3.581633761584402942e-01 2.013806805529972949e-03
8.944139107520605824e-15 1.210893832246443273e-07 1.478484107883884344e-05 3.204290159658913740e-04 8.304286098166503705e-02 1.118220429191385812e-01 8.603636463457080275e-02 7.187633965181867701e-01
8.725830957335055371e-02 2.241871734696419816e-01 1.601557133997162097e-01 2.243715758715523756e-01 5.821912653487281569e-02 1.314740397484522039e-01 9.036573846765338924e-02 2.396832293476051229e-02
7.386966330437208864e-03 4.414818889243228295e-01 3.547172615908459892e-01 1.850676127848343011e-01 1.389328634752538079e-03 8.414938984866822055e-04 9.115434326296679296e-03 1.351002355276028841e-08
2.386869582145920501e-02 5.415583569186949164e-01 2.869710714740919544e-01 1.425163303226479605e-01 1.040337133386748164e-04 6.356061071000441238e-05 4.917947596033053412e-03 3.543024467974691585e-09
2.179053387212591224e-03 7.127832967622531601e-01 1.636460980531959652e-01 1.144431660950020191e-01 4.868296439768049488e-03 1.024350150625291797e-03 1.055713669340970027e-03 2.544259892236030441e-08
3.220239097208319778e-09 2.034721730473322207e-03 2.269666687468705705e-03 1.715456110090989722e-02 5.452938693834158412e-01 4.091919341170324187e-01 2.260069155400713445e-02 1.454552206452098487e-03
3.528220803866651803e-14 5.500956511595872897e-07 4.230011979314170629e-05 5.191576079874329203e-03 6.234849805795496941e-02 4.522069992377156233e-01 2.473969342769357371e-01 2.328131421320391581e-01
1.514682378805272678e-01 4.692947471370060297e-01 3.099303955002325472e-01 6.864988111037438612e-02 4.555784173257749651e-05 1.446271752603540161e-05 5.967177931908952074e-04 1.941021077428097042e-11
2.153510777132169956e-14 3.844694638031316120e-07 2.002655406075391569e-06 5.334444635045899039e-05 3.780546335475069158e-02 2.927818779772441982e-01 1.252676599772018472e-02 6.568301610990439077e-01
1.458138499613530340e-05 1.380789467635532841e-01 3.007163662265944226e-01 3.775140180021505087e-01 6.253227649946072053e-02 6.015089891490439655e-02 6.098800869731393903e-02 4.903511026123492867e-06
1.485719623454298128e-08 3.818298442140496442e-03 7.068111837284954228e-03 8.636362085628948582e-02 2.882403638814305946e-01 4.122890041982875675e-01 1.975524197324466102e-01 4.668166194923852735e-03
1.134478069159031710e-01 1.961359209105200119e-01 1.754367652669559241e-01 2.006744068280448823e-01 6.816871823162795607e-02 1.259294320442799764e-01 8.542917908585424824e-02 3.477777071681385085e-02
4.217319488738643374e-01 4.445315737801680545e-01 1.180758985605240147e-01 1.561190181161789363e-02 2.564316019909114976e-05 1.588286583072044423e-06 2.144552648000233721e-05 5.636037343211966839e-13
4.864461180880347497e-09 7.133534173764337740e-04 7.777783283717351615e-03 2.888100105047337191e-02 2.213460806059713293e-01 4.975787256777002843e-01 2.274860230448224885e-01 1.621702805547750592e-02
4.250100655483592116e-02 5.224042043317755901e-01 2.971922445420860925e-01 1.372277264630638594e-01 3.110464329668776178e-05 2.207148094873089992e-06 6.415062973524870548e-04 1.949676240019401181e-11
3.808664378007966824e-10 5.248067818602936878e-04 2.537007511466479823e-03 2.773223652939305062e-02 3.351230343952101842e-01 5.236015425172126925e-01 1.066664217021167094e-01 3.814950181874303490e-03
8.784919204417635039e-13 4.560684936352243526e-06 6.395655386011289266e-05 6.693055731171994316e-03 1.000211272493778530e-01 3.388592667975389716e-01 4.664258522264046469e-01 8.793218075582844018e-02
8.660619824332733627e-03 4.030310190087019739e-01 2.670632779725040096e-01 3.188498890680309672e-01 3.950849065372034051e-04 8.690060939616541793e-04 1.131102163184699192e-03 9.627488109362020689e-10
2.244060379549587015e-10 2.727848879788286469e-05 5.551671082253981180e-04 1.353561277789687087e-02 2.288129283702694441e-03 9.809150254628140608e-03 9.735071865769566735e-01 2.774752853822991814e-04
3.794464606453380046e-02 7.918091374893040379e-01 1.588787113765350034e-01 1.098089464968635826e-02 3.520002313341341312e-04 1.180959100081010564e-05 2.280059087622397860e-05 6.728175773048296524e-12
4.102238701515216468e-02 5.400908630570110391e-01 3.352401587605030597e-01 8.109729589282155260e-02 1.269162726739481205e-04 2.141531603325838804e-05 2.400963648493938552e-03 3.731124834350169176e-11
2.977802490592391382e-20 3.830242186766236771e-12 5.392395656840685613e-10 3.446846683813387037e-09 1.011957936068775703e-04 4.631361717830338211e-04 8.524764001313642008e-05 9.993504164046814742e-01
4.013810857403042587e-04 1.154912873791580225e-01 3.114387302070752428e-01 4.970506656453045902e-01 5.418836000549719133e-04 2.701603656602994969e-03 7.237440406548611982e-02 4.436057518688186135e-08
1.515118334379365136e-05 1.066927078565528958e-01 2.528987055909040493e-01 4.806014756148384026e-01 4.062624233281343644e-02 3.387642780639814333e-02 8.528541665224004253e-02 3.872962909681022156e-06
1.309583430553454014e-08 1.606375669549456320e-02 9.663426328448651223e-03 1.325140164317768210e-01 5.847596322512769174e-01 1.527362013647546313e-01 9.633964537077975565e-02 7.923308461630416619e-03
9.446104434342866840e-01 4.314366553305395285e-02 1.169584857020377830e-02 5.488632172369667167e-04 3.857313390965976759e-08 1.797790511044524025e-09 1.138874294151638530e-06 2.568432014452856863e-16
2.057798367915758434e-09 2.943797622624937885e-04 7.524565335952398265e-03 4.384264611992561012e-02 1.265828496586155760e-01 2.196681948399139550e-01 5.938586813465054348e-01 8.228680879027566383e-03
2.467381971294062646e-14 5.803532135716745936e-07 1.108943230088798692e-05 2.285803431038854663e-03 8.258203512627701470e-02 2.930143568096910678e-01 3.480656510261250780e-01 2.740404838213285621e-01
1.458059317329760105e-14 9.783174219062945519e-07 7.967662420466778273e-06 9.064180340088022654e-04 5.773372780019733752e-02 1.928282325383852691e-01 2.539803696074693917e-01 4.945423060400799264e-01
4.073769095330737761e-07 3.409571592444764904e-02 5.711784540115972392e-02 3.844054102671857209e-01 2.458255073844212713e-01 1.636605829285940339e-01 1.148518680229928673e-01 4.266269428908663004e-05
4.755345135493671299e-08 5.521240313347009973e-03 3.687053233919874995e-02 2.637314860796800553e-01 1.510341162246436331e-01 2.122986133299976652e-01 3.296925856804764354e-01 8.513784792043240825e-04
7.790160114535941462e-05 1.670829296496089134e-01 2.518083494527147970e-01 3.675283566932767143e-01 1.025209642420060047e-01 3.992309249671774363e-02 7.105433897305454827e-02 4.066891476120698777e-06
1.076501083203307374e-12 1.320541775323131977e-05 4.338093464526031036e-05 3.199122738496831819e-03 1.435510875059968217e-01 6.232176762860262009e-01 3.062390764633140042e-02 1.993516194696742794e-01
6.144476947445538795e-02 7.977472569783171652e-01 1.264825854308470054e-01 1.425623752884120320e-02 6.655342797271191413e-05 9.225950796715204207e-07 1.674564466073947335e-06 2.132264530784475582e-14
5.874561758027111065e-03 5.090052194030670885e-01 3.589218621393203690e-01 1.235503889568051877e-01 1.282162812400970816e-03 2.820628920446350153e-04 1.083741329131192180e-03 7.092028564816231571e-10
3.465577494744297160e-02 7.251831236099481881e-01 1.992315096822278309e-01 4.002030195050760436e-02 4.472394459941978363e-04 4.045917120160402735e-05 4.215911250674960419e-04 6.761011530614915567e-11
8.725830957335055371e-02 2.241871734696419816e-01 1.601557133997162097e-01 2.243715758715523756e-01 5.821912653487281569e-02 1.314740397484522039e-01 9.036573846765338924e-02 2.396832293476051229e-02
1.240001964229782792e-09 1.307460311941925288e-03 9.624850611883416229e-03 7.127096309354437331e-02 1.884285853307822167e-01 5.581585248451345072e-01 1.679132231467187208e-01 3.296391419992810573e-03
5.822543867455741429e-02 1.697725918386052135e-01 1.749018739590035565e-01 1.820012748251162438e-01 8.718334968249470684e-02 1.855405985189979567e-01 7.766295531440624289e-02 6.471191718681870708e-02
1.151571551406865070e-04 6.822697513734422847e-02 1.964333941060310562e-01 5.902254685933426837e-01 1.315836520962555996e-02 1.420970505975867153e-02 1.176270122200289703e-01 3.922518727996638437e-06
5.384113618160562935e-03 4.466099857046570420e-01 3.645917825625704101e-01 1.733104122911761080e-01 2.714548833899068942e-03 9.395683092689350062e-04 6.449580032341578097e-03 8.647928200040478271e-09
1.124960540365433016e-17 2.496310764191120460e-08 1.119943373980476041e-07 1.372431031329436190e-04 1.027077830859007973e-01 1.601201616465976196e-01 1.136620133624456847e-03 7.358980550732887593e-01
2.603831245898420854e-06 2.689310151687866052e-02 7.616433647470692569e-02 5.023460195290039287e-01 2.022205372057212514e-01 8.139364312567773374e-02 1.109513241189273303e-01 2.843419784003532489e-05
4.999231353630119142e-04 1.234966514019531086e-01 4.153982140704737258e-01 3.976526976664234714e-01 1.729283059516839452e-03 1.318430499929202325e-02 4.803866204044519861e-02 2.636265321114918285e-07
1.134478069159031710e-01 1.961359209105200119e-01 1.754367652669559241e-01 2.006744068280448823e-01 6.816871823162795607e-02 1.259294320442799764e-01 8.542917908585424824e-02 3.477777071681385085e-02
2.009675947332125042e-08 3.404999710050932681e-03 8.741144460547691300e-03 1.832284099075339734e-01 3.467980894658569402e-01 2.749667679462625136e-01 1.811813055559844121e-01 1.679262857004214281e-03
9.221381122138732376e-11 1.980972722097868268e-04 5.572617643420919821e-04 2.179364726399257365e-02 1.974820974754971370e-01 6.268784647903794527e-01 1.020676290593052205e-01 5.102280228205978430e-02
2.306087097921444893e-10 9.085257842670501531e-05 2.083100701527761285e-03 4.330292684398885650e-02 3.618722688080255531e-03 1.764060137884897878e-02 9.329524391227094204e-01 3.113564558074157287e-04
2.014954492253184464e-10 1.898996856264171509e-04 8.641469244735483762e-04 4.230533900254840329e-02 2.265489403919992428e-01 4.989914227196901031e-01 2.071912296746356297e-01 2.390902139953098027e-02
1.279771003520025485e-01 4.988326869728290092e-01 3.048147407005585841e-01 6.791242449843688800e-02 7.444158721021196126e-05 4.454812393458368978e-06 3.841510709302548357e-04 5.638671927191163623e-12
1.573419812233181701e-03 5.739029470146865819e-01 3.236043952729507067e-01 9.626620192214847826e-02 2.415938477488382020e-03 1.830834597266502248e-03 4.062576262022435792e-04 5.277024346575056381e-09
2.610535201840226138e-01 6.754828016653577905e-01 6.182148474450099851e-02 1.623013242654450976e-03 1.893783600933121513e-05 8.343166996764161718e-08 1.588957832666081755e-07 1.712188466559762999e-15
7.172376254141918928e-01 2.245177337908036141e-01 5.685997111616687000e-02 1.382448827745445851e-03 4.108316133717990852e-07 1.006511241029072295e-08 1.799954365438160058e-06 1.482625173958234553e-16
8.725830957335055371e-02 2.241871734696419816e-01 1.601557133997162097e-01 2.243715758715523756e-01 5.821912653487281569e-02 1.314740397484522039e-01 9.036573846765338924e-02 2.396832293476051229e-02
4.735477779868727671e-02 5.673499542857761702e-01 2.922422460876706873e-01 9.232195893481978666e-02 4.613434806701208028e-04 4.193147365984515359e-05 2.277878809465029943e-04 5.776927198033743643e-11
1.987782146730674845e-06 3.717627121099913862e-02 7.781749880814492482e-02 2.723679189450965987e-01 1.584814703250443935e-01 1.488569904782374997e-01 3.050625224315594575e-01 2.353400187711618776e-04
3.932719715507332521e-05 6.154167865564118961e-02 1.717228327242308061e-01 4.610925343288931333e-01 1.334173977208640005e-02 2.137321070364986766e-02 2.708601688397944685e-01 2.850777854778730467e-05
3.006608652153455394e-03 1.886928016805061170e-01 2.762157387837759770e-01 4.643247582113356753e-01 1.568638048454420618e-04 6.624967023587773063e-04 6.694071745616669844e-02 1.470885809671120498e-08
8.725830957335055371e-02 2.241871734696419816e-01 1.601557133997162097e-01 2.243715758715523756e-01 5.821912653487281569e-02 1.314740397484522039e-01 9.036573846765338924e-02 2.396832293476051229e-02
9.198867736595606193e-02 2.395270575716366979e-01 2.040463232229478840e-01 2.564720900230086365e-01 3.064669732368468721e-02 7.607560811249305943e-02 9.203027426778997988e-02 9.213272112482273277e-03
7.783302263945881400e-03 2.800085471196466225e-01 3.963758462698545593e-01 3.034459885481927688e-01 2.809418204940559907e-03 3.041841874791905787e-04 9.272711822917169625e-03 1.583023068214052543e-09
2.895063646915031763e-03 4.947426141692697343e-01 3.567656335870173501e-01 1.366774483686331865e-01 8.006772818575870823e-03 3.244110903203249307e-04 5.880558042982950455e-04 5.149721105980768342e-10
5.036189795162780702e-02 5.441014827705735746e-01 3.030077517521311825e-01 1.013084075848948440e-01 2.580431153762016033e-04 3.783167397050300041e-05 9.245850404780850884e-04 1.109479337525137501e-10
4.260212023129241540e-06 2.162952801840214295e-02 1.192266769745632393e-01 3.715905776450165177e-01 5.798665149350349518e-02 5.431163014734549654e-02 3.749910920468410569e-01 2.595834623076464002e-04
2.863482951815258647e-03 5.357413285717752549e-01 3.326981117369745000e-01 1.132060837863799047e-01 9.425096608705434142e-03 1.257725087517780685e-03 4.808159884746900960e-03 1.137208476255096917e-08
2.993131961080818360e-06 1.071272571065224055e-01 5.990506535583229458e-02 1.347088115106355732e-01 5.617222482458443800e-01 1.266968281889354897e-01 9.817181971989760725e-03 1.961448828040642911e-05
7.439130577084956952e-01 2.067624937156778420e-01 4.580052108212653156e-02 3.521852342542509777e-03 2.549676996190404543e-07 2.377603608045730932e-08 1.796407413614561330e-06 6.269328622540302415e-15
1.669865176454764233e-02 4.812187250489505796e-01 3.631368776215319616e-01 1.340322620136309706e-01 7.086756844408239773e-04 3.372381388815645187e-04 3.867567213298572521e-03 2.514718943651887437e-09
1.170350233386611263e-10 9.145276968112680768e-05 7.134644974484778343e-04 2.413355715718413716e-02 3.298285268512102936e-02 3.457936648084868336e-01 5.584310115028406907e-01 3.785399646220338060e-02
7.053047026977986121e-06 5.441144013671499885e-02 9.853613545289158226e-02 5.350996140640494891e-01 1.143970514717028708e-01 5.532525421894894657e-02 1.421788442467485925e-01 4.460736191694385764e-05
1.733777338209919923e-13 4.505619353043819460e-06 2.928221711670489957e-05 2.238206608711783632e-03 7.469754952785628843e-02 2.113004906287890838e-01 3.899377888800501513e-01 3.217921765179529436e-01
8.948810813792024144e-02 2.253266097003232271e-01 1.831744083466537720e-01 1.926729701995634758e-01 8.259411149829007370e-02 1.379314282335929454e-01 6.239270437257080082e-02 2.641965951108521393e-02
2.846640857951394654e-01 4.671681423544080669e-01 1.976957700914875882e-01 4.959810731267372957e-02 5.596571558655309025e-06 1.319399138666316846e-06 8.669784692474978658e-04 6.346825371893340329e-12
1.352301045161077275e-16 1.149575895256118867e-08 2.328521482317785028e-07 7.595246759710898949e-05 1.605485641593894144e-03 4.531649005174159806e-02 4.256915776691177350e-02 9.104326697242490773e-01
3.616409924852767159e-06 2.025161142088572480e-02 4.862340453863176620e-02 4.284211613547742048e-01 7.383129665397230798e-03 5.398224516250272643e-03 4.898839312138925095e-01 3.492088024228346614e-05
3.394243419129991945e-01 5.311168303803766033e-01 1.152048428370361643e-01 1.419829264777093362e-02 4.406450144802599614e-05 1.878678656672921705e-06 9.749040964871192135e-06 7.477661304747020919e-13
6.131596728534043431e-04 3.923931233043566613e-01 2.135368976259138241e-01 3.650820534907445736e-01 1.460085193018137092e-02 2.495341730055624773e-03 1.127841278941962670e-02 1.594564764164669904e-07
7.417669049201310039e-02 1.887493357873425703e-01 1.889333267974613872e-01 2.111452490574511065e-01 7.547463683099593645e-02 1.561344195871776919e-01 7.995244744508885060e-02 2.543389400247000193e-02
1.020607299149704637e-23 1.062072035779807792e-13 1.962171782235892669e-11 1.688361782285921442e-07 4.022840678335317191e-05 4.822184982176866072e-03 1.321551197639043605e-03 9.938158665574954309e-01
1.286947904995047747e-12 1.379173713234232502e-05 9.242877914448078928e-04 2.664155054341747070e-02 6.433588214475827183e-02 5.628163073927958671e-01 3.419785274885698279e-01 3.289652900593679607e-03
3.225121678122690769e-05 1.480418014548562644e-01 1.579798063913517847e-01 4.908160053793702016e-01 2.438066386508286679e-02 1.829531439488635627e-02 1.604122624320339363e-01 4.189486563762381257e-05
1.044466259238458344e-01 2.011302609639531447e-01 1.830162103268702378e-01 1.649486770106498579e-01 8.666598614459006256e-02 1.257929486864169111e-01 8.977214636117941682e-02 4.422714458249542985e-02
1.044466259238458344e-01 2.011302609639531447e-01 1.830162103268702378e-01 1.649486770106498579e-01 8.666598614459006256e-02 1.257929486864169111e-01 8.977214636117941682e-02 4.422714458249542985e-02
6.576658228691091221e-03 4.372074577956256425e-01 3.438193365565754833e-01 2.054455660129769490e-01 1.775767261759431982e-03 3.652165311177916953e-04 4.809992592713708756e-03 5.020540075637403189e-09
1.765230366975352054e-05 1.371490243307061097e-01 1.869116748368445380e-01 4.768010846933637414e-01 1.334696723861387435e-01 2.848022463163119022e-02 3.716951314614363316e-02 1.153671500483557579e-06
9.948901512583469926e-12 3.367498761060355082e-05 4.326061351734930972e-04 1.455004334310543157e-02 7.187322266605958299e-02 6.411661869781579703e-01 2.603833196868891586e-01 1.156094619305796795e-02
1.818379980381362856e-03 4.020770042364994468e-01 4.306232942836316635e-01 1.623864949248111644e-01 1.097947746615739878e-03 3.381130290978279001e-04 1.658765537986376781e-03 2.609760811507019349e-10
4.010837202412145374e-04 2.268897188716851587e-01 2.032479635052325539e-01 4.668535422548978353e-01 9.816921614190654219e-03 5.771859488147731282e-03 8.701687219744706769e-02 2.038348157938830272e-06
3.691469922736164363e-12 2.961107089488221086e-05 3.646148945463323831e-04 3.428217345676549260e-02 5.275199246233405748e-02 1.874962584142045585e-01 7.052306866279939301e-01 1.984466306956660445e-02
3.028513118339326224e-02 7.965032439552011123e-01 1.463012852170642863e-01 2.641865545612634425e-02 4.512721634239695188e-04 8.614891773842419162e-06 3.179713161575830461e-05 1.402476494520412610e-12
2.291808521110577878e-14 1.145110421183181205e-07 6.737682270420961128e-06 9.115035878611955173e-04 3.138883902289097468e-04 1.892300449445999053e-02 9.112286920839535176e-01 6.861605925015577812e-02
6.696355109263807880e-05 1.276476479823510091e-01 3.420125023253164920e-01 3.900824364064482408e-01 1.384713212118919914e-02 1.687755215734356579e-02 1.094644630125814616e-01 1.302443676553825559e-06
2.189869449221771430e-03 3.584081620839468796e-01 3.066098196033859580e-01 3.112905980122266381e-01 1.133908321031151410e-03 6.529618855521424374e-04 1.971458540361912051e-02 9.524101634405994329e-08
1.107440025392707889e-01 5.868552343457684728e-01 2.768935690662169269e-01 2.520059578100352846e-02 2.383576042301060755e-04 7.672855016773484367e-06 6.056780473878512221e-05 3.754103693032889985e-12
1.479820853687259844e-04 2.858772066967348313e-01 2.603198047581598007e-01 4.034854727076048198e-01 2.200754385531169047e-02 4.274863696956168399e-03 2.388705282626782389e-02 7.337359621081357939e-08
6.699705739337708047e-13 1.306496727264067553e-05 2.616724604129610026e-05 1.837604075286490210e-03 2.669164121743868856e-01 5.976908765188294614e-01 6.591079307616261145e-03 1.269247957098970925e-01
4.285158700170691321e-08 3.117122639236715159e-03 3.948269595309158303e-02 7.382259893141464302e-02 1.403355590044573498e-01 5.970070544343359931e-01 1.448238855371806744e-01 1.411040648696525006e-03
1.399471174286046537e-03 2.630920371014234815e-01 2.738618483043948060e-01 4.100410782633966966e-01 5.695201786248376731e-03 2.988551535487246006e-03 4.292160389409776372e-02 2.079406655034761702e-07
2.171577764300129426e-05 1.525192192610214104e-01 1.709966050067649734e-01 3.490801128463882352e-01 2.048802819692193411e-01 8.719339236525332215e-02 3.529660580700313965e-02 1.206696670686485788e-05
4.469605489895477524e-17 7.161120025826785248e-08 3.637315678347784747e-06 7.371022401125096324e-04 5.657052489652039662e-02 1.575007698826697833e-01 3.405505520036961747e-02 7.511328388534501688e-01
2.500549855248771348e-04 2.176119479205410878e-01 4.288222452271567287e-01 3.183388082533548102e-01 5.387647153676773312e-03 1.892130255352694832e-03 2.769714662499604338e-02 1.957939645214402664e-08
1.365428016856581624e-06 8.073543928874949913e-03 7.061361286484933719e-02 4.166772471537268374e-01 1.787160876928923364e-02 3.187551491132562670e-02 4.548451469175490702e-01 4.196002636755055638e-05
1.496478381703786559e-04 2.495175273193428189e-01 3.840888608959808215e-01 2.761165861535295751e-01 2.425694244912695793e-02 1.406347649342234302e-02 5.180577715951111689e-02 1.181690916286984427e-06
1.973302808413751285e-06 2.228063365155930065e-02 3.613717947390323454e-02 4.187390083895670134e-01 1.171373642980044066e-01 6.704857743070066767e-02 3.382429365432302881e-01 4.123269102281729680e-04
1.238819370536417829e-07 2.135024353608241249e-02 2.211643981721343397e-02 1.975192185079965024e-01 1.480802442320313106e-01 2.571720854038059834e-01 3.474331444687819292e-01 6.328500152150651377e-03
1.003603610449881403e-02 4.934294876817260644e-01 3.183517305772325390e-01 1.747603214302563546e-01 1.280630824259402969e-03 3.854097213373016399e-05 2.103252365110826454e-03 4.478408486166742487e-11
2.710400365589040773e-03 5.368193905124781784e-01 3.641723815428279942e-01 9.124347076129080136e-02 2.522469729728233842e-03 8.862515977249642600e-04 1.645633534198231735e-03 1.956162322170835419e-09
2.667846160465650075e-03 3.360880404670179566e-01 1.931215457682786962e-01 4.422758139113759368e-01 1.719690777251142418e-03 1.417122458834200441e-04 2.398528326764426052e-02 6.740207649500103310e-08
1.384680038407065661e-01 4.431270670020712732e-01 3.414419432028835133e-01 7.674430537059831470e-02 2.687825081605081616e-05 2.505199398316372205e-06 1.892971320231317666e-04 1.502639301856769198e-12
2.351372651373174970e-12 9.424571804204694980e-06 3.463243968643741542e-05 3.241957769114733878e-03 2.752945891403016931e-01 5.176588336698599857e-01 2.863246245575584020e-02 1.751280999511257708e-01
1.206443759115025972e-02 4.222309710714823305e-01 3.709412622333553844e-01 1.874166354512314392e-01 1.011665424603059010e-03 3.031210656589838925e-04 6.031904096455470606e-03 3.066062908073004176e-09
9.158038305713030180e-02 2.673286530883433598e-01 1.567704625259332962e-01 1.992024625861260334e-01 5.209913034526721803e-02 1.281967849589393804e-01 7.771685117500005957e-02 2.710527226326026051e-02
1.159279972484143965e-09 1.418514643902293957e-03 1.323385299414289902e-02 6.793461625346108868e-02 2.749756910941623111e-01 5.564580320614552766e-01 8.445406836657687322e-02 1.525223427025593301e-03
7.903832186197883947e-07 2.795251775134103764e-02 6.568120529754056802e-02 4.267961451311021448e-01 3.962527257420450644e-02 5.521280678720544288e-02 3.845266439673554748e-01 2.046181080297999205e-04
2.187322121748028658e-05 1.059222674153761090e-01 8.587102493874745890e-02 2.338658940696074218e-01 5.280512719796395249e-01 3.670892800323390104e-02 9.557103332063872012e-03 1.637040113256669922e-06
7.717718594388119953e-06 1.091205075454632634e-01 1.083814625089355721e-01 3.253097918966916802e-01 3.074250712583709300e-01 9.223085420089509323e-02 5.749794046936628628e-02 2.665440168521269611e-05
2.064012526740725259e-09 1.090984743066342969e-03 3.663986222761600117e-03 1.581419548444639445e-01 1.449474256583532239e-01 1.395201299358205249e-01 5.412484279183372715e-01 1.138708861318299230e-02
3.520234867931529861e-10 2.805517869421872272e-04 6.435187751390959634e-04 3.311474448130653780e-02 3.032445425152157092e-01 4.119082900773533562e-01 1.667428287335631087e-01 8.406552327845609462e-02
5.329188563687355768e-10 5.476439634257127985e-04 1.275661268883463437e-03 4.526780792352028127e-02 2.687971108629107486e-01 5.392959298015103098e-01 1.371994252230421818e-01 7.616420423788504770e-03
1.537621008766767181e-04 2.099872441073910023e-01 3.118058355688098082e-01 3.790014595006341858e-01 4.336000668644863359e-02 1.784945961892170363e-02 3.783925021342045281e-02 2.982203497384808222e-06
1.130328672356254588e-02 5.021556340774367966e-01 3.738126991951121747e-01 1.081383081252735717e-01 4.252073555838794356e-04 9.972790748381232784e-05 4.065136133370224163e-03 4.821768461079356293e-10
1.448723088494543042e-07 1.364662786684063892e-02 3.171248335594575168e-02 2.752021956325962915e-01 1.537881840062336192e-01 2.186209772137672758e-01 3.068066257537659935e-01 2.227612985434490535e-04
8.173265300503490180e-05 1.517318785697413797e-01 1.865045865364273192e-01 4.659142645627797341e-01 4.523442588869158038e-02 1.890597275240776115e-02 1.316206299711788485e-01 6.509065768365230005e-06
1.445005725725952280e-04 2.284975675178036181e-01 2.517466856040951884e-01 3.746404575232150647e-01 3.907391547895336381e-02 2.270918015509577545e-02 8.318339985821950056e-02 4.293290044650866820e-06
6.926068002778941191e-01 2.771250725066076170e-01 2.685786570108679092e-02 3.409385398141176731e-03 5.905968571547320896e-08 1.128010039354701515e-07 7.042555795890271199e-07 1.522752447100393531e-15
3.044155679192353525e-01 5.405036598735597497e-01 1.288675413995594154e-01 2.612527683211392227e-02 5.440929023947987634e-07 5.002728381830700366e-06 8.240715373250135083e-05 5.147341842559591588e-13
1.799194599806865758e-07 1.052717459406264655e-02 2.438842932742357403e-02 9.481522016153215437e-02 3.728367106089522376e-01 4.164381107509627644e-01 7.990901933755932551e-02 1.085155300046415205e-03
1.765307247899904628e-03 3.062534873331693719e-01 3.557788174144131399e-01 2.930923387028079863e-01 8.379190593367821360e-04 4.105689729912247871e-03 3.816633141001701812e-02 1.091024433392895675e-07
5.847692588143646166e-08 3.369416955367286661e-03 8.907235240163281081e-03 1.730022195844515553e-01 2.078399181174012955e-01 1.379194076664997104e-01 4.636069314503952210e-01 5.354812508797356270e-03
9.926975421209263128e-01 6.332604255252638828e-03 9.413584909149261097e-04 2.848861773258678189e-05 3.019795132881848113e-10 1.808204587063334235e-11 6.195111759069377252e-09 1.703614971144213543e-18
2.797264986209360422e-04 3.307664753945923630e-01 2.574763423399969442e-01 3.861743551168708710e-01 1.107632508229720002e-02 2.802318438422914115e-03 1.142418260539912640e-02 2.745237963281256926e-07
6.621188029867598811e-05 1.005771074028949247e-01 2.952506364548190820e-01 3.579208572563540303e-01 2.030269042514693326e-02 5.766964903951009996e-02 1.681963626263543454e-01 1.648491462216660484e-05
2.590654439405417533e-06 4.860099222110270817e-02 5.839806198734277115e-02 3.737844122583500739e-01 1.802818532962539855e-01 1.141594023916311096e-01 2.247061926566445433e-01 6.649453423531335376e-05
6.891779178371518211e-02 4.929352880101641743e-01 3.234585388572608911e-01 1.139582905829359394e-01 3.438636680286531982e-04 2.860554377859816721e-05 3.576215329713336487e-04 2.114494597707640467e-11
3.707721732472655045e-11 1.445037747047268645e-04 2.323325590326930784e-03 2.620700797557171460e-02 1.657916926618632492e-01 6.917524931038784297e-01 1.031595221355362246e-01 1.062145472103993328e-02
5.912326118196105373e-02 6.888601654431780741e-01 2.312688825855710173e-01 2.042411700293215657e-02 2.949197322720343911e-04 5.870820536953399675e-06 2.278323221010067451e-05 1.337699764335731792e-12
4.286546808253605518e-14 3.367417064909622969e-06 1.194012879416583580e-05 9.674233040716369260e-04 3.285932612252509544e-01 6.209703121978241702e-01 4.130062337487836605e-03 4.532363338946027859e-02
1.125249426378129528e-19 2.920556517453222254e-10 2.164159321929667665e-08 5.079477603849067090e-06 2.829701344759893381e-03 2.826362747809104542e-02 3.144395221512152395e-04 9.685871302437403241e-01
4.066089333232446925e-05 9.200769909422329418e-02 3.222838441403486076e-01 4.576369614689117515e-01 3.480626866877376685e-02 6.790765503126001967e-02 2.531396913880184021e-02 2.941564354451604088e-06
3.438566776441845940e-01 4.257868837545871754e-01 2.056427177584392030e-01 2.464057068855585522e-02 2.331803273272963579e-05 2.843220060038182205e-06 4.698890046646199951e-05 9.735666461752228154e-13
8.675530102497902574e-02 4.725785889129049400e-01 3.446648743024535722e-01 9.570655927303226007e-02 2.532846835188279458e-05 3.712168432162823929e-06 2.656358428526659843e-04 6.997015039468854214e-12
5.855542392216323694e-02 1.920901637115057237e-01 1.848609973900168513e-01 1.619451425699159897e-01 7.569779207897536777e-02 1.914110600661960704e-01 6.175296760149420749e-02 7.368645265973262914e-02
1.294572043250273030e-01 5.434612286258393432e-01 2.669613108931050971e-01 5.889118310967541431e-02 3.479132201089623889e-05 4.150781053690849300e-06 1.190130940032629392e-03 3.255645155081134419e-12
2.699581165033988154e-03 2.053810295224077209e-01 4.031159656672582137e-01 3.608139089990772264e-01 6.603039604149124446e-05 3.946288332427946036e-05 2.788401653105055875e-02 4.835807272220032524e-09
7.328379287615566730e-07 2.965789237565993539e-02 5.842949927700333973e-02 4.419645172305738945e-01 7.066360914147595818e-02 3.187481791330225300e-02 3.670275812730510734e-01 3.813499510051770167e-04
2.429752761945836765e-07 1.169574321503712329e-02 3.076942197086923389e-02 2.376628645521441652e-01 2.761355790096380325e-01 1.487084113108090022e-01 2.944216261656502631e-01 6.061108005764656711e-04
3.536174835666854113e-07 1.404081126735079801e-02 3.030548872209646097e-02 3.361745387121868878e-01 2.101607838934136385e-01 1.717967659847644268e-01 2.369907835211424729e-01 5.304742815621266584e-04
9.999767011063905864e-01 2.183747338481731537e-05 1.460865690754658618e-06 5.545256345188729209e-10 8.051666266451320874e-16 1.707563253271000284e-18 6.291659047493602276e-15 3.290548467421774465e-29
6.827403883579232780e-01 2.911579539692696339e-01 2.347827111380576537e-02 2.622972953184061085e-03 1.085280184552665010e-07 8.905285462949619529e-08 2.160249424109005583e-07 9.791414129488931267e-16
2.499489726100681217e-16 1.190529319823120253e-07 9.049182230126732461e-07 3.216953470960267139e-04 4.145871934188180563e-02 5.055830311364807317e-01 8.840097387731612327e-03 4.437954328156548112e-01
6.221620565755229095e-04 9.920470908920413222e-02 1.530788079296977744e-01 7.291418286803900140e-01 1.952169702390788887e-03 1.302894817460661849e-03 1.469739872756463568e-02 2.899671709957395467e-08
5.652566939391695483e-06 5.961972920137303261e-02 9.847954982553586145e-02 5.350006841619656672e-01 1.154023350253248620e-01 3.965216112139538507e-02 1.518155346809989537e-01 2.435341646667776259e-05
6.399057053640922064e-15 3.781716458262024375e-07 9.620318496839320923e-06 4.800290215119253057e-04 4.673243082638728341e-02 3.483781039744775487e-01 9.028111738588558491e-03 5.953713259488857545e-01
1.189738230780889704e-03 4.477686659606096020e-01 3.066200164997039401e-01 2.035929772286099171e-01 2.030633708583350766e-02 7.917808548355614526e-03 1.260400295852306951e-02 4.534875833479762094e-07
8.589326112501501076e-02 1.696536381378707381e-01 1.785678809824804147e-01 2.158268703658043075e-01 1.026903510885469745e-01 1.453814350448168202e-01 8.243912951445063475e-02 1.954743374101533537e-02
3.630836729827772531e-13 1.150524408935168441e-05 3.545748437432432116e-04 2.464375239260146316e-02 6.838868483996285441e-02 2.289855285549505515e-01 6.030233461096642378e-01 7.459260801462495871e-02
2.789528489747009621e-01 4.047519638350794979e-01 2.573180552704067425e-01 5.852935049076654628e-02 1.302457758200979168e-05 4.155247672921840112e-06 4.306015996053569220e-04 4.186070859934456767e-12
4.002285944093517134e-06 4.738605440060464358e-02 1.826045604394936350e-01 3.736688388637159353e-01 1.065519496576089187e-01 7.946619706394338067e-02 2.103043004954152639e-01 1.409679327456382687e-05
2.399257106781028847e-05 1.999640574926457026e-01 1.960991639937787190e-01 3.582954615784209595e-01 1.418885559907390737e-01 5.587403676960604054e-02 4.783674053650742442e-02 1.799106722961273011e-05
1.065062117730433272e-01 2.308530277042912804e-01 1.870933940491010805e-01 1.485877464045802787e-01 7.293931011058825409e-02 1.182191761648522799e-01 8.539658122290882947e-02 5.040455257063473221e-02
