6.674481046393361061e-04 4.519552522066397349e-01 4.941096072352521573e-01 4.056687459648626592e-02 4.780846914708630942e-03 8.543378476264560468e-04 7.065613966099113137e-03 1.912854830624703214e-08
6.982170016318546557e-02 2.720157326960985222e-01 2.060294752904056892e-01 1.149923276767899488e-01 1.085542471905791284e-01 1.491528136452619779e-01 4.001442048069499963e-02 3.941928285698367146e-02
2.134886757065787566e-03 4.443107213945838851e-01 3.183274584800293572e-01 2.258125993672262799e-01 3.868676613471658168e-03 1.045660274895279188e-03 4.499991212491889596e-03 5.900235513863846195e-09
4.182789425803485257e-07 1.160871469119869812e-02 2.201889621626075891e-02 2.479156121185143724e-01 1.522697000190503247e-01 4.677427551345866852e-01 9.639986150096097051e-02 2.044042040484417722e-03
9.793840466486163578e-16 3.759451366840654355e-08 2.329326152693206554e-06 3.795592593313949163e-04 4.120519092307627258e-03 3.124161659717474282e-01 2.495362864653311377e-02 6.581277601094129848e-01
4.409142044051276308e-06 3.176599516781245663e-02 1.327474218687948737e-01 1.727392198725364869e-01 7.204110658068398933e-03 1.773292668465926633e-02 6.377321522374691520e-01 7.376436862025136868e-05
2.203237571039694880e-06 8.831850962687593301e-03 2.888328672828953045e-02 1.144127436490925687e-01 4.132419297324326224e-01 3.285437505756566012e-01 1.056763610982754953e-01 4.078740159999456904e-04
5.749084458620723481e-01 3.619723912790122067e-01 5.957194481640419592e-02 3.538154464642901797e-03 1.477991525273428153e-07 1.050528367451277585e-06 7.865250184945785583e-06 1.637295704948896187e-13
3.261128740852845937e-08 3.773921281376827613e-03 1.374742827887882532e-02 3.203109549704750147e-01 3.695916115915583444e-01 2.189755652034477418e-01 7.301828668941577616e-02 5.821993735350889689e-04
2.652754937965052818e-12 2.058564710392213277e-06 5.601433154798347408e-05 2.003170516098928822e-02 3.908370709676085679e-03 1.070753111720358225e-01 7.530281353128809307e-01 1.158984047455097338e-01
2.590409138497398199e-11 1.026252735170444364e-04 8.395430087546184444e-04 1.524324332793899894e-02 1.051954573901564272e-01 7.488249962768940282e-01 9.018802534211171895e-02 3.960610935472352878e-02
5.906011245291770557e-05 1.872776227775020119e-01 2.402176444999089833e-01 5.149692097793427958e-01 5.167670631819568094e-03 2.281508390636829541e-03 5.002703527347354684e-02 2.485348652567421797e-07
5.903822630190549980e-02 3.364274263277818866e-01 2.125975370892173033e-01 1.297078478756292230e-01 5.765202111127950418e-02 1.200214193351567121e-01 4.926586973019043969e-02 3.528965222883893860e-02
6.549370339581738152e-09 6.597733105050593815e-04 3.484756257926355932e-03 1.960896921767353585e-02 4.243136025479691265e-01 3.373668441667139195e-01 1.908397036854745932e-01 2.372634426436667429e-02
3.967097206023210585e-04 4.147255767470395815e-01 4.178667472242548753e-01 7.472849323649886910e-02 3.452277497169810305e-02 2.413534009044625631e-02 3.361015186293943302e-02 1.420614652064914361e-05
1.162240352488304665e-02 5.487590797205832427e-01 2.163137115617805306e-02 4.171095011729689106e-01 9.729262853198564339e-05 1.103307744571656974e-04 6.700209843468696519e-04 3.805298194811202932e-11
4.271869931788321599e-20 4.843754677741772563e-11 1.017434143204453757e-09 7.635138233057530959e-07 5.179595689047749793e-04 4.649784191850343806e-02 6.673953371932876038e-04 9.523160385957051277e-01
5.312960693291122194e-01 3.614234717816765530e-01 9.751560162666979281e-02 9.733682555721930724e-03 1.001466867546765027e-05 7.028336523086121799e-07 2.045720418734804714e-05 3.041882668847099397e-13
1.526165352021607302e-01 5.912895863507016125e-01 2.430069985354454398e-01 1.294055424770064119e-02 1.256404671278656549e-04 4.290498980990553307e-06 1.639469107999867329e-05 6.802578282053103010e-12
5.692637791468585506e-02 3.359272412688691922e-01 2.133686940066608639e-01 1.290283214813850443e-01 5.793587340011004810e-02 1.215861858780712540e-01 4.989041205598783446e-02 3.533689399422992178e-02
1.970237379160954909e-07 9.246361661607268786e-03 6.818742294658912753e-03 2.952714714634864790e-01 8.800923653754939846e-02 1.827401811826020739e-01 4.171879947860896998e-01 7.258150502692319083e-04
4.152216296874931167e-22 2.919793752360007847e-12 9.950380846049693348e-11 5.612609021159628612e-08 4.589092337775134542e-05 7.841610433078871970e-03 1.677387494897706601e-04 9.919447036655393291e-01
7.430667623002110145e-02 2.709043756641907330e-01 1.985032169683724756e-01 1.009069999030053483e-01 1.035399897700125388e-01 1.465386879721411462e-01 6.323114314459533924e-02 4.206891034766185172e-02
9.996741155168332726e-01 2.948259415665065901e-04 3.097721284740971256e-05 8.132008762964233925e-08 6.489789480028456446e-13 4.211085001922006419e-15 8.011928376331814951e-12 5.191635174165658146e-25
1.293531819714097489e-04 2.398714892167659041e-01 4.041619313569732586e-01 3.479613781748254753e-01 2.369044036475093616e-03 8.739149975500040213e-04 4.632865968383332624e-03 2.306705619389010525e-08
8.768496279078021038e-02 6.451856967873389470e-01 2.544858972137981623e-01 1.128122065439075145e-02 4.483266988217210610e-04 6.357183930669198203e-05 8.503237104856157039e-04 3.050779806954211762e-10
5.570477550026561208e-09 4.289659077543840626e-03 4.411192401094909434e-03 2.873990845627241025e-02 2.245684320752203422e-01 6.224817682574462774e-01 1.008629105891105243e-01 1.464612357283369241e-02
8.725881374972836724e-02 2.501223943117825144e-01 2.324965126359513912e-01 1.157507262558088862e-01 7.304601554233075555e-02 1.457372264604742118e-01 5.434231760461259025e-02 4.124599343931164425e-02
1.053280938732811054e-05 1.108231125332298922e-01 7.653615259273573862e-03 7.394968305965797795e-01 8.023295032716684996e-03 1.469997183245172305e-02 1.192923071494541021e-01 3.347869067526835307e-07
2.166693451584469823e-03 3.293516019407513040e-01 3.453825421108054905e-01 3.104867157520733167e-01 8.599648440715053528e-04 5.913824053065505799e-04 1.116109108601282679e-02 8.409394365910260108e-09
8.940918234033342141e-03 1.558576231602928353e-01 1.243693579410732747e-01 6.251106651570711437e-01 1.554351152716385801e-04 2.208039266900258587e-03 8.335788849557744518e-02 7.262977949960498161e-08
5.677205019961676627e-05 1.617449798559938978e-01 3.290610986960024742e-01 3.161030013638485014e-01 7.059437219520366125e-02 6.313680039464523996e-02 5.930204744001536799e-02 9.280040917480966026e-07
5.734190262322933895e-04 2.214757241160213996e-01 2.809342533326865121e-01 4.713646669717161952e-01 3.560055387876258793e-03 6.744402021050454818e-03 1.534735658972124182e-02 1.225546958743068589e-07
6.638590277985896571e-02 2.939501192717182132e-01 2.701316601565121878e-01 8.635253593760414126e-02 8.804193494076452409e-02 1.266584142437888194e-01 4.126123830192433839e-02 2.721819436782883794e-02
2.084028148317880191e-27 4.702792292220323392e-16 2.217667241662130758e-13 5.115287388774697543e-10 2.874034480660834842e-06 4.145917357806351111e-04 1.443669520164952694e-06 9.995810900484680683e-01
9.448366695172103578e-13 2.407242567443713832e-05 6.201390872716872928e-04 4.040404899665038518e-02 1.045803079481400777e-01 6.065188253618855052e-01 1.757319750420668070e-01 7.212063113737128550e-02
8.924186652830758126e-02 2.632528899789892129e-01 2.129077398978075630e-01 1.176267377861070079e-01 9.534696737856934723e-02 1.511240495008444318e-01 4.029884165678859070e-02 3.020090727258701105e-02
3.962455218383153371e-02 5.606437769675561844e-01 3.802611257017046720e-01 1.839033767861162488e-02 8.077358960433813836e-04 1.237612130026382695e-04 1.487101045482728753e-04 2.547016502730777747e-10
1.689865698240330413e-11 5.430004527872634378e-05 1.626251699247764941e-03 5.494427342010439752e-02 9.193798532204576490e-02 5.742450138387991121e-01 2.400984003089929042e-01 3.709377534863056436e-02
9.876591335333961313e-09 1.612530086852037754e-03 1.027734078069390475e-02 2.666198333292957301e-01 1.078038502168448126e-01 3.913000069900700595e-01 2.171647030019135949e-01 5.221725717738553464e-03
5.918335382056627519e-16 2.994003106171337335e-08 1.280735041552992265e-06 1.341127902999140281e-05 1.856303745651235668e-02 3.361044787264079459e-02 3.351742976577047096e-03 9.444600497401646200e-01
7.430667623002110145e-02 2.709043756641907330e-01 1.985032169683724756e-01 1.009069999030053483e-01 1.035399897700125388e-01 1.465386879721411462e-01 6.323114314459533924e-02 4.206891034766185172e-02
5.709739813676698202e-03 5.007721027907043876e-01 2.737951811823641779e-01 1.880327593532098995e-01 5.362841621386101564e-03 8.122941990859206809e-04 2.551503358180779932e-02 4.745776652425056705e-08
1.906020145645361333e-02 5.501203836708902228e-01 3.714368740452349549e-01 5.714792550551805322e-02 1.390449259836043343e-04 7.162852673786052223e-05 2.023937714020331968e-03 4.155161333061322118e-09
3.688534783936821965e-03 7.508691251843763181e-01 1.346009777287667242e-01 8.544315264354808426e-02 1.954843849524363214e-02 1.925073394794406820e-03 3.924648951597866676e-03 4.881773539496324347e-08
1.068019868187207258e-09 4.402333102662649676e-03 8.631011963915445086e-05 6.480112475850466347e-02 5.316944611189867720e-01 2.315164046862789038e-01 1.642307908936591621e-01 3.268574252249898705e-03
4.814239572568140924e-14 1.006342842187523760e-06 2.900231734558509717e-05 6.398790323335644403e-03 3.179624465558457402e-02 2.572866375033894815e-01 9.823925916428817573e-02 6.062490596931676690e-01
6.279217414265779451e-02 5.861961528000216859e-01 2.692451323530036245e-01 8.120181445121282815e-02 4.768873267357995658e-05 2.140497191026930989e-05 4.956325191565641745e-04 2.936330187577092241e-11
5.804412111619191043e-14 7.883820622657476784e-07 2.482916321338891738e-06 1.051410920533801655e-04 8.245204835024561030e-02 4.317309853406194886e-01 1.984653756894832338e-02 4.658620163496913213e-01
1.182171008717325942e-05 1.511437054712861106e-01 4.334460424583025384e-01 2.463302870729159044e-01 8.470539257866513405e-02 3.999915063471319587e-02 4.435952077694529233e-02 4.079297084745237444e-06
7.026812654247160170e-09 1.345047646142103186e-03 1.897869551071463797e-03 6.458315817186253971e-02 1.295605776457471603e-01 6.628062739414243287e-01 1.358606881096718066e-01 3.946377907268257962e-03
8.725881374972836724e-02 2.501223943117825144e-01 2.324965126359513912e-01 1.157507262558088862e-01 7.304601554233075555e-02 1.457372264604742118e-01 5.434231760461259025e-02 4.124599343931164425e-02
5.155202011710788845e-01 3.861307806551180777e-01 8.493534526560932163e-02 1.337508517262257952e-02 2.275124270229342244e-05 1.254614442056943380e-06 1.458187801170595797e-05 4.148467854939217782e-13
3.047943167970511106e-09 5.316166719832423259e-04 5.056621374289497692e-03 7.234740199761356683e-03 2.645426424913979724e-01 6.162391970761136317e-01 6.534532922039849867e-02 4.104984991811273104e-02
4.765796036939870528e-02 6.246505257534300526e-01 1.671342814014356581e-01 1.591209455013409824e-01 2.420467516535240564e-05 5.756082775729804988e-06 1.406326118303725600e-03 9.814748038815123021e-11
2.615367715178692304e-10 3.656332025865742259e-04 1.068735582162116601e-03 1.937306555790131030e-02 3.547652758956467700e-01 4.381649625135092263e-01 1.743246752550217382e-01 1.193765173163573341e-02
1.380270938364303241e-12 2.343499693814016171e-06 3.158581556913312571e-05 5.103215184432803586e-03 5.781612571302583575e-02 2.410062837583754891e-01 3.886599493535495276e-01 3.073804966739726030e-01
1.571578480397133049e-02 6.056753527878054877e-01 3.336020146690378274e-01 4.202202556844629455e-02 5.964124609766267111e-04 2.463095443349620360e-04 2.142094594686309514e-03 5.570745779282982721e-09
2.426093189962689282e-10 5.723621098367845036e-05 3.469200861752253949e-04 1.419604340463742446e-02 1.731138155920614215e-03 9.903472003528304354e-03 9.725141539646214861e-01 1.251035931518936373e-03
1.492648765643652398e-01 6.190765066063280697e-01 2.106192626123528366e-01 2.050734529067717998e-02 4.877391987481372515e-04 1.901898844794496738e-05 2.525073640690376938e-05 2.677514216572390674e-12
3.168107855006884604e-02 6.422776628469785143e-01 2.355029062146103969e-01 8.879343504739889426e-02 1.198809086931249343e-04 1.809781526022191718e-05 1.606938587360645394e-03 2.962956204046463307e-11
3.085380602618022795e-20 3.364439613274346399e-12 4.030401710598309691e-10 2.769294658628072455e-08 3.966320983337709829e-04 1.882573283255742011e-03 1.307019057450030278e-04 9.975900646133118999e-01
7.138359282577344707e-04 6.151255627711055968e-02 1.481750843958985209e-01 6.940625479123390118e-01 1.886920482981782436e-03 2.906559601451382674e-02 6.458298375968142546e-02 4.752292152709444645e-07
2.208969837279330231e-05 9.548078290923144029e-02 1.523083315153573314e-01 6.561982153275440766e-01 1.842079105796077393e-02 4.794495894095740507e-02 2.962076158600240178e-02 4.068964573733471716e-06
9.490425865525588037e-09 2.274412229447093578e-02 1.644659845191020001e-02 8.396497969043950627e-02 4.688959915524077982e-01 3.397866674593917891e-01 4.521363359166458845e-02 2.294799746928640610e-02
9.529793079219197605e-01 3.682526830175963245e-02 1.008205440943969224e-02 1.115835889489072809e-04 3.865519855494159085e-08 9.463076664030166602e-10 1.746176425417275361e-06 4.561972316964181643e-16
8.686564938942555383e-10 8.618425572841905888e-05 1.218995732130668218e-03 1.292734874297781812e-02 9.145792960336940336e-02 7.832997712928790879e-01 8.328238358112169393e-02 2.772738592313687966e-02
3.302224279154928124e-14 1.892445339108576457e-07 5.413458883252338693e-06 1.356716567364115323e-03 2.439798791510350631e-02 4.506367424787743881e-02 2.051588685683467528e-01 7.240171499978592662e-01
2.120539957045107252e-14 6.517558073887096045e-07 6.886074211812696523e-06 1.177224969578941158e-03 2.079219523671619468e-02 2.290275862957409092e-01 4.364958076024782474e-01 3.124996480654442799e-01
2.131502633656369395e-07 5.030212513040353828e-02 6.487939111701883366e-02 3.453857802975784930e-01 2.037056857058251180e-01 2.465510429844135765e-01 8.911477228256343974e-02 6.098933193441274459e-05
7.443627927467344719e-08 1.877111333487831851e-03 1.685211407130642394e-02 2.840417258987732452e-01 7.544148219906968156e-02 3.965908833278579682e-01 2.247017676881254977e-01 4.948410451007823627e-04
1.225532605891020178e-04 2.964103573001597436e-01 3.817853173990066185e-01 1.266600234757469523e-01 1.129276777663984072e-01 3.298580720760054680e-02 4.910067039205687212e-02 7.593198441589824777e-06
6.719431795444480698e-13 4.824528679252239307e-06 1.527083905333077618e-05 2.407517800041320596e-03 1.107918097288126680e-01 6.756490209333949615e-01 4.425553784879238117e-02 1.668760183205556802e-01
1.279108409240355959e-01 7.584910803649139721e-01 9.106327873975562925e-02 2.250685271115893116e-02 2.544949953015526687e-05 1.931082880005977693e-06 5.666777020071577640e-07 2.416532305791529841e-14
5.697881397122282233e-03 5.092698164505075065e-01 4.103566950826552095e-01 7.253625317938587613e-02 1.331648433067475273e-03 2.185452948980351115e-04 5.891596868735244361e-04 4.754903916027592782e-10
5.958347908600257481e-02 6.453662406285515241e-01 2.586910021608772037e-01 3.562039484386899518e-02 4.639570515591336748e-04 4.082684957134998861e-05 2.340993487300488082e-04 3.083864152940073376e-11
7.430667623002110145e-02 2.709043756641907330e-01 1.985032169683724756e-01 1.009069999030053483e-01 1.035399897700125388e-01 1.465386879721411462e-01 6.323114314459533924e-02 4.206891034766185172e-02
1.161412295963759931e-09 1.706102919465710306e-03 1.491752376944122105e-02 7.367687392595430318e-02 3.085467629893890451e-01 4.652129524138625127e-01 1.319419128379489825e-01 3.997869982526041678e-03
8.924186652830758126e-02 2.632528899789892129e-01 2.129077398978075630e-01 1.176267377861070079e-01 9.534696737856934723e-02 1.511240495008444318e-01 4.029884165678859070e-02 3.020090727258701105e-02
1.593836181842328635e-04 8.152528464483117798e-02 1.070852466355690924e-01 5.324306363998737579e-01 3.673861656466103492e-02 1.463007672006250981e-01 9.571153028346160441e-02 4.853465279376085312e-05
7.533532603564817819e-03 4.783381036157647315e-01 3.387793638870677526e-01 1.661713879901589308e-01 2.874511696976534813e-03 8.565383807553781856e-04 5.446553538261969529e-03 8.287452591884724941e-09
1.576415852224872858e-17 6.655472190172624331e-09 1.634396731453812855e-07 1.445888453972408376e-04 1.869623878333664599e-02 1.671427764561851104e-01 1.372664680643016126e-03 8.126435611392976988e-01
6.864459605109158396e-07 1.684517255494555332e-02 2.411323317846633500e-03 6.877983929453852507e-01 1.182186248602423023e-01 5.070763816995447690e-03 1.696013476052985192e-01 5.368845331313209959e-05
6.834916996517828450e-04 1.719700273889976094e-01 4.934544836916510135e-01 2.352338407290897604e-01 3.489176794303800767e-03 1.919395840876180620e-02 7.597305220762724798e-02 1.969079917124256151e-06
8.725881374972836724e-02 2.501223943117825144e-01 2.324965126359513912e-01 1.157507262558088862e-01 7.304601554233075555e-02 1.457372264604742118e-01 5.434231760461259025e-02 4.124599343931164425e-02
2.469639020229760357e-08 1.598117798239616361e-03 4.239735921262776687e-03 2.285051169872445997e-01 1.425677664505882736e-01 5.432823805703372866e-01 7.729500853591431131e-02 2.511849040023283325e-03
2.789099317707258736e-11 6.333191299496530879e-05 6.770715247653506764e-05 2.095427072433083196e-02 9.439995696563339977e-02 7.200983505913635119e-01 1.163712758121265844e-01 4.804510681318393400e-02
4.459050284150661649e-10 3.038615482410982814e-05 4.841285329562025098e-03 5.243868993262097017e-02 1.114519920666146848e-03 4.065635193353570043e-02 9.006535600278822162e-01 2.652062550024306652e-04
2.193900142039004600e-10 7.128929056466488652e-05 3.650469258365035465e-04 4.451293826835261980e-02 9.086646815115531628e-02 7.499381884009364008e-01 8.366683076667434660e-02 3.057923797709039340e-02
2.835106165078189466e-01 2.793816167439318043e-01 3.261873527340151124e-01 1.105531003512326832e-01 4.244342647389256421e-05 8.236324063713257611e-06 3.166339058883086235e-04 6.575464899700384454e-12
6.675775108623719506e-03 6.488475646762836835e-01 2.305545780213037743e-01 1.036179489794140235e-01 5.265232276086955279e-03 4.819985846428151248e-03 2.189038745461125855e-04 1.121731478598575706e-08
5.408800389386313467e-01 4.055052369727727979e-01 5.271386899532014281e-02 8.853532302754815904e-04 1.538044337721632487e-05 6.922680092265389567e-08 5.219282082234299408e-08 5.801347051469676096e-16
8.221466416603591121e-01 1.299184741490082284e-01 4.707626139565219969e-02 8.576064435289469830e-04 2.989211490749083826e-07 7.293352665045711685e-09 7.101369487816236583e-07 4.485867754382712836e-17
7.430667623002110145e-02 2.709043756641907330e-01 1.985032169683724756e-01 1.009069999030053483e-01 1.035399897700125388e-01 1.465386879721411462e-01 6.323114314459533924e-02 4.206891034766185172e-02
1.859324082588991595e-02 7.409628016386888838e-01 1.176307671391730592e-01 1.223234574293981664e-01 2.245634577837365346e-04 7.940566351351351743e-05 1.857637778961081546e-04 6.765618898805171790e-11
9.084527868568945349e-07 3.020423727654932694e-02 2.153015691135910792e-02 3.971439824313476863e-01 6.142464555068351262e-02 2.696229172635203897e-01 2.199120168296026800e-01 1.611352841512647140e-04
4.819107674206326555e-05 4.274135175290385419e-02 7.206082308193262342e-02 5.068709047625887809e-01 1.667060153696035482e-02 9.290801647888001502e-02 2.686229990137460888e-01 7.711229624556975853e-05
5.440025023576664301e-03 1.953217771228134836e-01 1.754374234572561586e-01 5.741967647318169110e-01 4.462727707387401360e-04 1.211423979820971421e-02 3.704331590033518168e-02 1.811952539188070187e-07
7.430667623002110145e-02 2.709043756641907330e-01 1.985032169683724756e-01 1.009069999030053483e-01 1.035399897700125388e-01 1.465386879721411462e-01 6.323114314459533924e-02 4.206891034766185172e-02
9.392614878877908469e-02 2.908897670703994298e-01 2.161789433258819726e-01 1.046961777932610832e-01 5.968807165327302822e-02 1.535369701759199124e-01 4.307949131114374719e-02 3.800442988134195010e-02
6.846973931097238494e-03 3.180423972955608858e-01 1.727358038929729389e-01 4.956221405957846327e-01 8.541949040153171005e-04 2.218792633773741850e-04 5.676601298314916909e-03 8.818876743699567777e-09
2.470124932502673360e-03 5.078760925500108714e-01 1.211652156858483848e-01 3.573574555356048843e-01 1.007818956816943987e-02 4.447647940099489893e-04 6.081558125986989216e-04 1.121255291183754001e-09
2.818046610325501342e-02 5.837965939310800767e-01 3.325855960631973196e-01 5.413241406294249519e-02 2.775219720694686214e-04 3.089269688593507555e-05 9.965149272841650283e-04 2.432854887331403362e-10
2.560680214752713618e-06 6.474599953601482827e-02 1.394060977777017429e-01 2.789006156856910779e-01 1.769494355688410459e-01 2.064136879390866541e-01 1.311914362622766950e-01 2.390166550173038629e-03
1.164758538942723201e-02 6.098150037911924670e-01 1.676872213988335192e-01 1.878516948935448350e-01 1.286929783798537730e-02 8.908511946786247960e-04 9.238339230901887814e-03 6.263436056896966203e-09
4.669988153433023764e-07 2.220174272825264639e-01 1.952156741424281592e-03 4.480748106632203021e-01 1.993127342661882573e-01 9.761723200858507532e-02 3.100900807654815086e-02 1.616396269486735342e-05
7.430638638141267016e-01 1.773961431959163448e-01 7.861595273488752866e-02 9.224155448556102792e-04 2.620681815192256737e-07 2.812419098366628210e-08 1.334517832550483521e-06 7.637017074124925404e-15
1.261836263260793234e-02 5.405241015895636547e-01 3.597296803417013300e-01 7.652577510049354825e-02 2.498783431845960114e-03 2.196154129672526698e-04 7.883674725553312113e-03 6.765267738281045078e-09
5.393944955763809256e-11 5.486970764608089249e-05 2.719950382388804056e-04 1.755210422644258583e-02 1.493083722348839334e-02 4.597114031680343271e-01 4.816884016765545784e-01 2.579038890565535022e-02
8.794371385971816877e-06 3.853962854581140934e-02 7.336748920406052643e-02 6.660871043912525158e-01 5.114881673465088152e-02 1.241419741611667071e-01 4.665138120924854775e-02 5.481138242367086317e-05
1.947770356070527650e-13 4.319586603180302724e-06 2.629359613016057570e-05 2.332567364025026936e-03 3.107372762196162694e-02 3.284972144878107181e-01 3.933010579682179042e-01 2.447648193750574797e-01
9.626567243294632814e-02 2.747360161992329353e-01 2.635253061168020272e-01 1.135260649079033179e-01 7.572503892724781471e-02 1.305292165186399678e-01 2.172810242721267410e-02 2.396458247001465383e-02
1.069621208315066907e-01 5.421239711148657658e-01 3.150643569886310003e-01 3.537222132779568873e-02 6.263839092217681532e-06 1.368589693241141703e-06 4.696973005830117000e-04 7.832565491179823054e-12
1.426952677872960869e-16 4.270036038803407567e-09 8.824335161032855203e-08 8.154584967006998550e-05 3.465430287341703087e-04 5.615412008829326340e-02 6.151685580427584260e-02 8.819008427156402874e-01
3.394751582473591793e-06 3.987560456428733413e-02 1.080679158693381020e-01 3.051004525547688084e-01 7.501572870118036404e-03 1.670548526603439152e-02 5.226978782530716794e-01 4.769587079892690680e-05
2.127441910783396117e-01 6.071713472491268027e-01 1.759671501867382803e-01 4.064392846150864658e-03 4.525467254573305067e-05 1.193588763291238616e-06 6.470377609104161662e-06 7.265694920016280761e-13
3.159415264667221352e-04 3.834316388620950256e-01 2.099689359968993918e-01 3.742908567469032666e-01 1.858774515161177796e-02 3.676611932044133047e-03 9.728016810794479219e-03 2.529731845111561443e-07
9.734436967940869601e-02 2.238385948754674504e-01 2.244834235551590451e-01 1.507675427830697801e-01 8.492954667451763084e-02 1.473130446383823788e-01 3.996623613273629638e-02 3.135724166125854195e-02
9.886811708070227527e-24 2.082733108071278844e-14 5.939472955867462313e-12 9.790146029178709952e-08 7.325262440024280094e-07 1.397611726228942426e-04 3.151627566948022111e-04 9.995442456370247086e-01
1.176223963897164071e-12 1.288371929924006080e-05 7.725691578006085402e-05 5.884011857979882382e-02 3.471389032859437118e-02 5.125239471481014553e-01 3.847341617488095333e-01 9.097741558439146822e-03
4.294183919461822978e-05 8.076110662008993690e-02 1.077961196296643720e-01 5.868996467475110501e-01 1.752746980496756174e-02 6.336762825766874274e-02 1.435148116929121087e-01 9.027540799198608735e-05
6.688649763262917436e-02 3.079964380867562523e-01 1.856834651399332514e-01 1.429022272318034581e-01 7.389116158440169058e-02 1.124810688227341066e-01 6.535535210870412060e-02 4.480378939303717584e-02
6.688649763262917436e-02 3.079964380867562523e-01 1.856834651399332514e-01 1.429022272318034581e-01 7.389116158440169058e-02 1.124810688227341066e-01 6.535535210870412060e-02 4.480378939303717584e-02
4.916932805523606745e-03 4.894155007547864034e-01 2.928857120242129852e-01 2.034176708604199246e-01 1.891309419618007531e-03 5.309659262683868574e-04 6.941892747079454577e-03 1.546209103230469408e-08
3.155812350791584094e-06 5.095263557573734975e-02 1.341318436911035847e-02 7.288839551038159836e-01 6.027121998878558901e-02 2.538884408476467860e-02 1.210853307452254973e-01 1.674320209303354200e-06
2.625403855149726300e-12 2.915995658182134610e-05 1.958491539984090715e-05 5.097269564299809763e-02 7.759332966994661462e-02 5.742521079897296987e-01 2.842316281395296795e-01 1.290149368318966802e-02
2.085204293056344173e-03 4.668987866248290319e-01 7.143581284127145659e-02 4.568088831022648622e-01 9.014012460884039115e-04 4.457158179819722065e-04 1.424195884803998143e-03 1.897056162551230893e-10
1.851599074743942477e-04 2.601514217344195745e-01 2.383793885618318564e-01 4.247893739784385780e-01 1.022058764430336213e-02 7.374956946075023230e-03 5.889616740742312923e-02 2.943820034480581636e-06
4.635023436190360378e-12 7.243046555310997828e-06 4.782667534037252891e-04 3.319491009976560658e-02 7.350642661612482795e-03 1.535896408312980577e-01 7.866858407135102205e-01 1.869345588921687840e-02
8.326428305411666397e-02 7.487619741976350163e-01 1.215862272424273055e-01 4.552018649144041335e-02 8.253708074586911308e-04 1.163637841192452865e-05 3.032182746786810009e-05 1.042981360626439188e-12
8.524388991562610235e-15 1.096129521656066820e-07 4.040514107132889447e-06 4.801254061081714256e-04 1.607224822024491641e-04 1.925263516375697384e-02 8.991512636950171888e-01 8.095110312584649637e-02
3.990229403890182045e-05 1.440195674062052511e-01 5.061129318368345897e-01 1.825946109632604342e-01 1.715796636333983757e-02 1.477391999698604748e-02 1.352984852002334926e-01 2.615939102051746919e-06
1.869941294331671196e-03 3.814831025414337495e-01 1.912061238719847678e-01 3.992560193274127811e-01 1.348157450346613301e-03 1.459240649497808070e-03 2.337706991628455896e-02 3.449487080115725879e-07
6.924979804282070661e-02 6.190429355935298528e-01 3.031743265197210380e-01 8.320904868756804837e-03 1.768106268239191955e-04 5.152237300362247805e-06 3.007210677840479901e-05 4.268775361011342742e-12
5.813106299012182242e-05 3.095300006832077400e-01 3.319176123307874260e-01 3.298259854838301863e-01 1.300852377288433913e-02 2.448323702834476895e-03 1.321128359684839090e-02 1.393666182069567483e-07
1.196233761263091237e-13 1.429706883583058061e-05 1.311914208411516522e-06 3.433404690874048218e-03 1.795343461909905680e-01 7.024868154417311938e-01 1.032916398772608206e-02 1.042006607055165207e-01
7.786467500344468618e-08 5.112910893976883864e-03 5.663041789829967310e-02 1.595011623362249317e-02 2.151779324446659591e-01 5.614547971975316631e-01 1.391921953317421801e-01 6.481552135485856708e-03
8.050928922100694793e-04 3.658957421200003668e-01 1.423910886522350150e-01 4.448373482778704702e-01 3.398161180246510229e-03 6.650475741001930265e-03 3.602170225083803357e-02 3.888855976457063443e-07
4.017939000305248605e-05 1.296978078779589538e-01 1.976963526473632937e-01 3.383720230379254068e-01 2.216948277656551336e-01 9.323702866675280532e-02 1.925675184354095834e-02 5.028770800686145803e-06
1.253817349904124669e-16 3.398369556740835332e-08 3.612263209178082717e-06 4.950178328338387251e-04 2.147317109352068695e-02 3.644677129179837438e-01 1.504561871755574591e-02 5.985148331912000241e-01
1.636023185676771985e-04 2.469438407390675272e-01 2.707429571732619666e-01 4.529586007435500439e-01 7.035279288939404706e-03 1.058081898642915068e-03 2.109761628649126780e-02 2.155147953299828393e-08
1.459645097519961101e-06 2.050841711597074096e-02 6.171339626857515887e-02 2.624997888641276700e-01 7.422507378280240875e-02 1.961965048191966488e-01 3.840770285461468925e-01 7.783309580821356913e-04
2.346480123307892831e-04 3.667693843683058619e-01 5.487990866786103261e-01 4.359589355965703267e-02 2.114683384578073741e-02 4.897901764625626347e-03 1.455599921523380823e-02 2.525554561012473971e-07
2.435223105506487855e-06 1.147818148257311044e-02 1.449365744460228561e-02 4.593098523920911558e-01 1.919860822572476422e-02 2.673061372605900834e-02 4.680771894584235815e-01 7.094620474196214029e-04
1.184678585787342026e-07 4.144425830502322487e-03 7.945959789390966491e-03 1.633423650315525277e-01 5.938778022646312021e-02 5.911400370112929181e-01 1.679745682405149043e-01 6.064745402424906624e-03
2.113475724354375862e-02 1.015456079539452106e-01 4.238873465095417403e-01 4.446956154915932546e-01 1.596844427117653569e-03 1.049518698637271830e-04 7.034876161826746251e-03 3.425663418386813315e-10
2.894412046292987092e-03 5.618328153738957331e-01 3.887941949729423752e-01 4.111582565449987958e-02 3.152146837430730431e-03 5.110196510982569417e-04 1.699583697618657456e-03 1.766221333767457645e-09
1.019107673216015919e-03 5.063120884841446623e-01 3.008028716899844301e-01 1.773945444008459826e-01 9.380832449079899759e-04 1.603452893553484625e-04 1.337289802823608646e-02 6.118930345932474531e-08
4.907288987703404409e-02 6.640950879882971947e-01 2.239089000485627312e-01 6.282254071926438033e-02 1.361402573297223815e-05 1.675997634290645823e-06 8.529134169197727779e-05 1.783355875176644085e-12
3.425416984954529417e-12 5.558781481956813595e-06 1.320518972534480604e-05 3.926066540028977023e-03 1.564139856455791788e-01 3.595405214841305153e-01 4.700021684504163133e-02 4.331004455105867401e-01
6.446125520743214640e-03 5.394683858809811161e-01 3.140049218073754922e-01 1.354708744649906760e-01 7.196616402203821544e-04 2.261449490379816463e-04 3.663883145131055334e-03 2.591519871675774244e-09
7.868145935558021331e-02 2.997854915211780047e-01 2.241256923741350437e-01 8.771821272666367741e-02 7.723982547376324892e-02 1.614488463407068031e-01 3.576976830970515775e-02 3.523070389826822579e-02
1.501729267813063292e-09 2.249945563819977842e-03 1.893583227553549686e-02 3.684246056773320122e-02 3.219638658760033412e-01 5.504215615296628172e-01 6.876217947263614516e-02 8.241532128750277131e-04
5.653735983829322284e-07 3.839014701400643437e-02 6.883358785363405397e-02 3.849046533196154862e-01 4.927572338412437164e-02 8.374796275802504075e-02 3.738402875395704927e-01 1.007072757427266872e-03
1.923541283984447510e-05 1.429734539089494438e-01 6.570709247335308756e-02 4.775099794186401514e-01 2.944840897781377254e-01 9.046125411047878373e-03 1.024524877699039757e-02 1.477482004500255312e-05
9.820442625982594604e-06 7.914010527013297380e-02 4.469334729526183020e-02 3.126582436762079253e-01 3.507607320057488098e-01 1.332533521196611892e-01 7.943749828669181834e-02 4.690090367268608731e-05
1.551202018165862527e-09 2.069854683264685594e-03 6.284908995669261089e-03 9.544374517272073699e-02 1.050010774857687013e-01 2.404329085028787116e-01 5.337298137719886926e-01 1.703768983650582811e-02
5.532501422248846823e-10 1.775510198217008888e-04 3.138949639736871152e-04 5.360165429988336672e-02 7.486940438170774925e-02 3.456790390346788366e-01 3.590482657624576857e-01 1.663101899842256426e-01
2.425943809978890883e-10 4.330192090130167829e-04 1.005795798806197270e-03 4.221515137987673361e-02 1.335766077928464413e-01 7.006928227184379132e-01 1.038921507901948288e-01 1.818445206823026544e-02
1.193891665949844353e-04 2.060278948887567796e-01 2.461042449973852297e-01 4.142834573531056774e-01 5.303797604073769156e-02 3.750388182254825453e-02 4.291774506148626073e-02 5.410669385616728013e-06
9.479268866225357831e-03 5.680968114588775819e-01 3.034889158922741137e-01 1.164749740685290663e-01 3.797385552186954166e-04 1.022769156261207890e-04 1.978013973043440780e-03 2.702054718348320004e-10
8.140735335353433923e-08 2.782733611787819444e-02 6.771505623088772130e-02 3.306280128837580934e-01 1.729634278792687441e-01 1.200339563512386881e-01 2.801244295369309523e-01 7.076995926844809222e-04
8.004587963980128976e-05 7.703367238069969147e-02 6.511923075083969614e-02 6.624554540524858481e-01 2.393003441718473748e-02 4.984845967327383026e-02 1.215260583906993264e-01 7.044455177052588455e-06
8.471431103047718711e-05 3.003798722804938981e-01 3.495949142215844518e-01 1.947794273303504464e-01 4.884965140282131885e-02 1.611592252070501510e-02 9.018521067961048077e-02 1.028725340379827880e-05
6.994513487256917017e-01 2.747151150024927380e-01 2.467722943736657890e-02 1.155736698188448985e-03 6.211715083865910125e-08 1.062680634218232541e-07 4.017510396078217022e-07 6.903944620217537744e-15
3.466238538153478821e-01 5.321769391614332712e-01 1.149165906362695777e-01 6.246330300016521633e-03 5.183032685112947876e-07 3.546707420534712932e-06 3.222107462060221371e-05 1.623463264766174476e-12
4.987787462853337164e-07 7.479993243497119922e-03 2.582207817220073809e-02 7.954185282338524510e-02 3.885007216516497830e-01 4.601072803976922754e-01 3.812338892864196999e-02 4.241860041865620204e-04
1.864941166984455294e-03 3.891925435336121564e-01 4.223126927948610554e-01 1.622465747375011758e-01 1.514699334098282887e-03 1.068391267021809136e-02 1.218413711714398835e-02 4.986455805065192858e-07
8.077094645297443171e-08 2.881131472963802120e-03 7.267147728234539354e-03 1.919731335327587440e-01 7.041565911637590047e-02 1.956072832610392109e-01 5.227849254064226292e-01 9.070638711257236059e-03
9.972063507819644013e-01 2.469239592317261020e-03 3.186683991680698330e-04 5.738206136053124836e-06 2.140687320052325462e-10 1.116413736911647092e-11 2.795181210224954323e-09 6.262171981191241321e-19
3.713298646860015064e-04 3.083166662615978160e-01 1.898671172304696730e-01 4.456065252604555216e-01 2.977150927923149799e-03 1.505370383970287005e-03 5.135497600307752097e-02 8.640678175821689771e-07
4.048433597632142413e-05 9.900569429416934686e-02 9.647588055296717202e-02 4.500062826888319711e-01 2.797011009584123020e-02 2.439800678965057257e-01 8.235800947242000181e-02 1.634706632882351599e-04
2.080744046082592219e-06 4.700144035863149800e-02 6.947475653252649375e-02 2.883990546802778776e-01 2.792898774932774941e-01 1.053692975377962388e-01 2.103010460656145331e-01 1.624465878298456817e-04
7.938072461404956093e-02 5.413502219756713973e-01 3.155902504661586283e-01 6.263854192340125027e-02 6.145135598946176647e-04 2.146171162744807344e-05 4.042857039911211992e-04 4.520597876182006692e-11
3.042018175977571089e-11 1.722462294644371743e-04 1.916050556660701997e-03 3.835621004910162724e-02 2.149955831423169539e-01 6.642494552593588564e-01 7.090846939590239595e-02 9.401985336774686119e-03
7.649377738162378704e-02 6.729523988915921962e-01 2.461197110748925276e-01 4.200504919464000467e-03 2.235051751042734837e-04 3.691977524520302450e-06 6.410578901844245883e-06 8.977282054525536902e-13
7.612428542686199170e-15 2.140613639393198538e-06 2.303250368620390270e-07 3.224541047978894334e-03 5.004195649209598473e-01 4.153860586202858807e-01 8.178456279305752752e-03 7.278900819278308343e-02
4.091939622014563875e-19 4.346491833027889912e-10 3.965919149634050446e-08 6.455321978310110354e-06 3.334235891933261253e-03 1.406116544255188450e-01 2.120731929493449379e-04 8.558355410737791269e-01
3.406852517161821795e-06 2.312282414034060041e-02 3.206913400225842089e-03 8.326425149849152607e-01 2.108892900415905783e-02 2.545286520441792169e-02 9.447973624159908268e-02 2.810171841647134473e-06
1.864083627704247181e-01 5.179211447266145463e-01 2.758654688776821517e-01 1.974106662696439862e-02 2.493002730401393211e-05 3.625613802144355536e-06 3.540135583936709560e-05 1.368282196325948628e-12
3.944395626742670108e-02 5.207161471649761619e-01 1.821853207738453884e-02 4.195958321397801338e-01 2.480932901301046583e-05 5.351379868725732267e-06 1.995371614513746436e-03 2.703445928344209778e-11
8.776494189701655735e-02 2.758317732956831470e-01 2.591529326624129048e-01 9.119256213351382978e-02 7.683525860770129556e-02 1.652071577908212352e-01 2.163247656308245684e-02 2.238289704976828207e-02
1.570373247673615413e-01 6.581397354541016487e-01 1.444231440037744563e-01 3.952173864903683886e-02 3.930365334589604052e-05 2.270758411482464824e-06 8.364827120449902899e-04 1.923051179535577753e-12
1.578786594969451736e-03 2.571303940600279669e-01 5.179361692704793629e-01 2.088357440531803388e-01 5.600162081340258558e-05 4.966013880450042758e-05 1.441322910885835078e-02 1.515286819058342002e-08
7.793394839602928657e-07 7.897419898946513722e-03 2.590169010000621316e-02 2.652157996870178058e-01 1.602584024555788952e-02 3.076279033920393396e-02 6.536784259065880898e-01 5.172544831940290369e-04
1.802898576200894669e-07 2.706687203859056007e-02 2.745502236500518833e-02 2.979371316930146674e-01 1.771716123865909598e-01 2.308666421415321579e-01 2.381103964290566810e-01 1.392142656352399590e-03
3.697983696385143490e-07 8.196958208306029392e-03 1.674658645218349631e-02 4.141716003383633660e-01 9.199774263604997004e-02 3.590207323074027790e-01 1.091009694784867839e-01 7.650407808383703420e-04
9.999936689019619518e-01 5.766065475202708496e-06 5.648724700081632419e-07 1.600912954385155759e-10 3.020537544068335075e-16 6.705693687492429337e-19 1.039944416080055189e-15 4.843114951365498614e-30
9.099512269576888190e-01 8.605468760548089235e-02 2.701437978411659526e-03 1.292144510168689473e-03 2.727875552616451101e-07 6.671201663621286615e-08 1.634486787594094468e-07 6.065085813039334612e-16
1.169439442188619816e-16 2.522836198462238707e-08 4.350788289255361585e-07 2.424411200041294416e-04 7.544348496166062429e-03 7.360939468235130345e-01 3.655584386747660723e-03 2.524632188663779586e-01
9.033489372654046091e-04 2.732338615479251720e-01 1.254900603793139835e-01 5.616693619749992816e-01 8.322685973531885120e-03 7.328930628761609611e-03 2.305107881751257762e-02 6.717406908372834591e-07
3.760398519438053522e-06 2.169460097534481324e-02 8.907265952271901932e-02 5.719281519028638350e-01 4.447036280501340949e-02 9.716573044249550428e-02 1.756119229403035331e-01 5.281101274136812060e-05
9.673565149458448578e-15 1.685878615628817683e-07 5.567850196695280908e-06 4.390094231282687214e-04 1.879911890542088071e-02 7.417507802720729737e-01 3.301992179606900221e-03 2.357033627817032295e-01
9.425998510707280171e-04 4.692355274966985013e-01 4.027497014253815233e-01 9.286696919660587801e-02 2.055875605128421046e-02 5.537043274902020591e-03 8.109026542279598043e-03 3.761617775534876860e-07
8.391259705164438865e-02 2.303848502733248926e-01 1.213761398348978116e-01 1.894664208622220403e-01 1.114570773831048134e-01 1.182609637608148662e-01 8.484085559824867950e-02 6.030109523574284092e-02
1.014889124603727606e-12 1.977320700562310428e-05 7.574770774717909166e-04 2.595381268778085976e-02 3.382450840567776534e-02 5.804283797553905222e-01 2.467581782687573444e-01 1.122578705968980961e-01
1.650503618380761706e-01 4.514163542630172943e-01 3.483987355623478499e-01 3.491083115924957514e-02 1.158580783718499247e-05 5.304166289120522598e-06 2.068272000075609726e-04 3.175211813789145227e-12
1.545601255423833848e-05 9.299824425964040020e-02 1.494828209342780601e-01 2.640244875906612720e-01 1.840799692061585446e-01 4.562894782643233532e-02 2.637584043421395963e-01 1.166982813658150257e-05
2.708272119099730243e-06 7.718881093448934361e-02 2.786253947054140659e-03 6.722008971090150942e-01 3.927961692366708363e-02 5.286623630609999826e-03 2.032371869502972994e-01 1.790223275429226566e-05
8.635945224166598211e-02 2.316795719018361066e-01 6.104063407178432488e-02 1.683849956570108997e-01 1.426103788371493319e-01 1.052031245555129224e-01 1.316614081921430035e-01 7.306043454289738726e-02
