8.133138668618509343e-04 4.304915535630725043e-01 3.532283289494850820e-01 1.876208263068225857e-01 6.585733397003547956e-03 1.233493477655832641e-03 2.002669233012486713e-02 5.810897376125776781e-08
9.459125562715206548e-02 2.046900256549696040e-01 1.553411960464985975e-01 1.749104432474243298e-01 9.131017214141691485e-02 1.228779415135750064e-01 8.501443165971440952e-02 7.126453410924914189e-02
2.493238725334695569e-03 4.354622548519869740e-01 3.773690363446171592e-01 1.737251732028823603e-01 4.210471762394528070e-03 5.111287698287994650e-04 6.228687365283638519e-03 8.977671939604156064e-09
4.162877378759130921e-07 2.397903870447823729e-02 3.007059318221560335e-02 1.968708787126194626e-01 3.722531044035407022e-01 2.837754889940188319e-01 8.997583363395098011e-02 3.074646081437233149e-03
1.925102629052827711e-15 6.773691044662415191e-08 2.614556572780434492e-06 3.631431134579067143e-04 1.110672107221444965e-02 2.781710999412370100e-01 3.431533751091551260e-02 6.760410160686900483e-01
6.123088308182218197e-06 2.575847403480783018e-02 6.947663354251822077e-02 2.856344315503089315e-01 4.613064976709195346e-03 1.288028555319740108e-02 6.015601501488708758e-01 7.083710527880441839e-05
7.143500893403805003e-07 8.577556794733638343e-03 5.099638109797972885e-02 1.067248514165903550e-01 2.433308965750188291e-01 3.950003279836614700e-01 1.932344803615647644e-01 2.134791420362085017e-03
4.868769027788444892e-01 4.358250229775156304e-01 6.160562498181097052e-02 1.563955525379516140e-02 5.060787041558174809e-07 2.285486913754801473e-06 5.010244166450057474e-05 7.519096971448744408e-13
1.402827135060258743e-08 5.190072437428751642e-03 2.262500502580942416e-02 1.717193115591719166e-01 5.986022174606869806e-01 1.558568694204333083e-01 4.564766625043719522e-02 3.588438177367830927e-04
2.313382913581824255e-12 3.914360205240597712e-06 9.528258700496372070e-05 1.083850220366091612e-02 2.832678252233078106e-02 2.748861665859203551e-01 4.771261179892160587e-01 2.087232337493508949e-01
6.197789861149619239e-11 1.171361725311228364e-04 5.892780078861680013e-04 1.716893581790704740e-02 1.210458347349426117e-01 6.257187211912005331e-01 1.731621891311883876e-01 6.219790488236456166e-02
1.456573522435623531e-04 1.471213328706131029e-01 3.477565347427583609e-01 4.366587392530988931e-01 6.057659406932181488e-03 5.388314654936390662e-03 5.687151405723311903e-02 2.476621817248047224e-07
9.053524048299689542e-02 2.234981067825898837e-01 1.718321359409963334e-01 1.494364672641200487e-01 8.483823441490351280e-02 1.235971003358385389e-01 8.024784379502415688e-02 7.601487098353069960e-02
1.217285424542605012e-08 7.060513801253312429e-04 6.087828858243242089e-03 1.981104427288262262e-02 2.806148475358988259e-01 4.570031902962690129e-01 1.931229635350266982e-01 4.265406194870076384e-02
2.580239380030007043e-04 3.696445750308730016e-01 2.126156310916340053e-01 3.105740066454590331e-01 3.262005694550740992e-02 1.511111181762066907e-02 5.915399191904716775e-02 2.260261185592063983e-05
4.418341161139528739e-02 5.522743287136926416e-01 2.537687868703175087e-01 1.489437629802978225e-01 1.722557419214132857e-04 1.816554292786281557e-04 4.757984550407975098e-04 1.980557708673634311e-10
4.030644601955081659e-20 3.640013140370484171e-11 9.186526411924138377e-10 4.278071943469171165e-07 6.159805689116804820e-04 2.743073023544291208e-02 2.921028976572358996e-04 9.716607575357424365e-01
4.153058511793022434e-01 4.476796106756062987e-01 1.161786259592075682e-01 2.075075201261517358e-02 1.025889364946302239e-05 7.602696759338169289e-07 7.414100896616607368e-05 9.769955632855536370e-13
1.584893499072224654e-01 6.447114316839597237e-01 1.605868922988498704e-01 3.603139048559899499e-02 1.537375269030329865e-04 3.959419225434803521e-06 2.323866918143729671e-05 9.058613863775673779e-12
9.084601703710706855e-02 2.226382223292207030e-01 1.718700590531059003e-01 1.495686246391487451e-01 8.482162707699765491e-02 1.238958345822100404e-01 8.026642975501076249e-02 7.609318552719911144e-02
7.731538524395573272e-07 1.851358710360320042e-02 3.069689284675006236e-02 3.201284812502767640e-01 1.376859270859309980e-01 1.418678135827698972e-01 3.489637660559445909e-01 2.142758920869643376e-03
1.950663139997485750e-22 2.494391910636786707e-12 4.674051796981442179e-11 2.423115378126117592e-08 2.094473167954324997e-04 5.719510831986030115e-03 5.453125941923971483e-05 9.940164863114105964e-01
1.020208406052650341e-01 2.033123080021771723e-01 1.327019859597005635e-01 1.867287888354910996e-01 8.126983488008597545e-02 1.267401388381990124e-01 8.856253304456351838e-02 7.866356983451795737e-02
9.992525962869764911e-01 6.428156761629057539e-04 1.043734641784199832e-04 2.144680319454680143e-07 1.040748281341770196e-12 5.382934147087124923e-15 1.036040966948683646e-10 5.154695711620536051e-24
1.619934469623510068e-04 2.329192853101397509e-01 3.950196578579222573e-01 3.501964319741054932e-01 5.743364988139038410e-03 2.630997317769237509e-03 1.332823780731515542e-02 3.129764535365045923e-08
4.390388220223436638e-02 6.061462723458802548e-01 2.827115288844428975e-01 6.439267193308717552e-02 3.518061223357282709e-04 4.734729912104728680e-05 2.446490117970755510e-03 1.094928412746730371e-09
1.049549680416394305e-08 3.705797382133482233e-03 3.509293794427291446e-03 3.368011985700172101e-02 2.945315166592903378e-01 5.022803933509725205e-01 1.426052790094311518e-01 1.968758945124749263e-02
1.079282076512794730e-01 1.924219096286384489e-01 1.516909233970567539e-01 1.793198731785938249e-01 7.985561661626801311e-02 1.184683532912320508e-01 9.027220127065484212e-02 8.004291496627646829e-02
6.646052058247290566e-05 1.471666644293769255e-01 2.550353150128729096e-01 4.376729972886888032e-01 3.527836549062617760e-02 1.368044911490233495e-02 1.110976397555747675e-01 2.108387406758332354e-06
4.875169296917290611e-03 3.639725190300768243e-01 3.932610436853272717e-01 2.208935414646170659e-01 2.613922319628513187e-03 3.287331746248761352e-04 1.405506377098787729e-02 7.257820234324442813e-09
7.974550737952201471e-03 2.440188476877567236e-01 2.745213294241132251e-01 4.037090214151869416e-01 5.836173716563987238e-04 3.513716565395876880e-03 6.567874189963174292e-02 1.748983084862059787e-07
1.280381643705025397e-05 8.849205602048874908e-02 3.157785848388942607e-01 3.683850578589242253e-01 4.339957202448814499e-02 2.658425307932371640e-02 1.573443558683819132e-01 3.316493061903971409e-06
5.261777860621697422e-04 2.161791169826452752e-01 4.125800858106125624e-01 3.229602034243654884e-01 8.702642917614486148e-03 3.052224138381642599e-03 3.599933906339818773e-02 2.098769198901159195e-07
9.495137255360183715e-02 2.324857528222081526e-01 1.478283587508343322e-01 1.724455799126802802e-01 8.851747935725678973e-02 1.255347227594073856e-01 6.701527565228007632e-02 7.122145819173093806e-02
4.414648203874292143e-28 5.117952908001300927e-16 1.542297093734917979e-13 2.024488453027461994e-10 4.286575867937022981e-06 1.903809682751427402e-04 1.230552331050841991e-06 9.998041017009225984e-01
2.289230869062478106e-13 1.303960393276359758e-05 2.999467606211685252e-04 1.140029037881388173e-02 3.844369361157233267e-01 4.409125944468739733e-01 7.785304879877723294e-02 8.508414389503388131e-02
8.792556309781354718e-02 1.915305062484833898e-01 1.752877311065491328e-01 1.708271344146393145e-01 8.707886408657589117e-02 1.281612534180637808e-01 8.084560475429908299e-02 7.834334287357611060e-02
3.212457152650143727e-02 5.750972335676530767e-01 3.124245381993323023e-01 7.851010075468217719e-02 1.263349797770847629e-03 1.103465859514241986e-04 4.698589229448126708e-04 6.451646787654544798e-10
5.693593469889428732e-12 4.045125346363750534e-05 9.205720355239657487e-04 1.934114703930179049e-02 2.249238014671995078e-01 5.458886036281282994e-01 1.435280033439882696e-01 6.535742122669953302e-02
6.260853344951587038e-09 1.201566203108563220e-03 7.168741075383667366e-03 1.697104313605049819e-01 1.854665933232991226e-01 3.838736150064722130e-01 2.481488419189810668e-01 4.430204851397168998e-03
1.281007517363868775e-15 1.908040004777098525e-08 1.789088649780215346e-06 1.664695990338403622e-05 2.934692051642655286e-02 1.014897732647237899e-01 6.308031378354371672e-03 8.628368197115376947e-01
1.020208406052650341e-01 2.033123080021771723e-01 1.327019859597005635e-01 1.867287888354910996e-01 8.126983488008597545e-02 1.267401388381990124e-01 8.856253304456351838e-02 7.866356983451795737e-02
7.606998911843759585e-03 4.890183091546473348e-01 2.546132020282925179e-01 2.284841658310640122e-01 2.523295635377391377e-03 6.701435747773033325e-04 1.708385781778336276e-02 2.704621381324376854e-08
2.950943749047280421e-02 5.343370363766006825e-01 2.958220685103699621e-01 1.354881093283417937e-01 1.820267443630106370e-04 7.623902508567321666e-05 4.585071914747457060e-03 1.061001864928570360e-08
2.180856637437720777e-03 6.344859016311777955e-01 1.945251182923115052e-01 1.572292863463770063e-01 6.956668029219227785e-03 8.698571986526691061e-04 3.752251542850612836e-03 6.032197798819794786e-08
3.233771807571997519e-09 1.761293005343951123e-03 1.782740283199212234e-03 2.534950606689329033e-02 5.926689301083704065e-01 3.318503757068194671e-01 4.085649398467686155e-02 5.730657610931676887e-03
3.855292846391050674e-14 5.850878069782831796e-07 3.085900435006276723e-05 2.472650136499959187e-03 3.396265122690664273e-02 4.357064816823010278e-01 1.050722627666056813e-01 4.227545100954915869e-01
1.169920170836676321e-01 5.197826815557650137e-01 2.825147101089542923e-01 7.994606428941561371e-02 7.069649452343765045e-05 1.530159422233678344e-05 6.785288333818895049e-04 4.007011174145212739e-11
1.402118671779948272e-14 2.936052423207534756e-07 1.623606093266776819e-06 6.200476153918323358e-05 3.214528691221451434e-02 1.572298589754477227e-01 2.078979405299080999e-02 7.897711380864583797e-01
1.271953491152616337e-05 1.487297326063915792e-01 2.677507908957864613e-01 4.063155981948741724e-01 7.150230910687349617e-02 3.858050614037960430e-02 6.709941900990995522e-02 8.924510872373197959e-06
9.818561786266776285e-09 2.267324452667745550e-03 5.020521722321983488e-03 5.898823275420016915e-02 2.796701606734912082e-01 4.961870998341709194e-01 1.511484819282176428e-01 6.718168816370008109e-03
1.079282076512794730e-01 1.924219096286384489e-01 1.516909233970567539e-01 1.793198731785938249e-01 7.985561661626801311e-02 1.184683532912320508e-01 9.027220127065484212e-02 8.004291496627646829e-02
3.607312884694924837e-01 4.911498197861162152e-01 1.251294100077937066e-01 2.290646686115675040e-02 2.255291624117096390e-05 1.268854243749363665e-06 5.919310330623000577e-05 1.649527464262818709e-12
2.441950553017600782e-09 3.001910053241142501e-04 2.891967973051038678e-03 8.681751013778753884e-03 2.683125378304714315e-01 5.233271555671549224e-01 1.161239486456860232e-01 8.036244552258306473e-02
1.126786987190267070e-01 4.195318342275404233e-01 3.252450936480311694e-01 1.411717266888950773e-01 6.686412616403827100e-05 1.263157494403862307e-05 1.293150978214823669e-03 3.718407325120647378e-11
4.480129819086445851e-10 5.595305132005437250e-04 1.806301421396418151e-03 2.813797435523817184e-02 3.727365931330922644e-01 4.179397418992717439e-01 1.633558880297379667e-01 1.546397020004922941e-02
6.624795569117875724e-13 3.796581048080964561e-06 3.442775061619583456e-05 2.826363885847600708e-03 5.042020539853695610e-02 4.820549456225426965e-01 1.965152040544468626e-01 2.681450567063004553e-01
1.143371794085872896e-02 5.476224156552971234e-01 2.441049975389915916e-01 1.920518392512295391e-01 6.293694975176646099e-04 8.424914350930783275e-04 3.315155433870689995e-03 1.324713970354851314e-08
4.371237758677443090e-10 2.733349039801989195e-05 5.877982000089394766e-04 1.005254085516232160e-02 1.881892653256355720e-03 3.182471213411380145e-02 9.548982753936735568e-01 7.274468362657623413e-04
4.479498716646988093e-02 6.404826646301452486e-01 2.825324156167223766e-01 3.173412639374988825e-02 3.325503376222999964e-04 1.286521665740757007e-05 1.103906262504253155e-04 1.237234760017101284e-11
4.912646757553413429e-02 6.079584484566945557e-01 2.642462170871267557e-01 7.649509810214509542e-02 1.190577527444214507e-04 1.374753006798199748e-05 2.040963454516722241e-03 4.117068504549568300e-11
1.181497534666681190e-20 2.035469730712305597e-12 4.086527284740172492e-10 7.465216069213082468e-09 7.021839445482209920e-04 1.310393111411351256e-03 4.272894587515611473e-05 9.979446861222605047e-01
5.379868563629033960e-04 1.274672395157983307e-01 3.442238392185615892e-01 4.424191168700274956e-01 2.205169319531258103e-03 1.860579455144100933e-02 6.454020054722432731e-02 6.531210520609213284e-07
1.846782749196152333e-05 1.066102199214111340e-01 2.654271862552375905e-01 4.649320053348681148e-01 5.148270353736358884e-02 3.909308542084318633e-02 7.242877098057479146e-02 7.560722209347391797e-06
1.337842454582169691e-08 6.824202144026117120e-03 5.517974677029469088e-03 5.240542452566818860e-02 4.942846670365071415e-01 3.995753723024092485e-01 3.187958049117539661e-02 9.512765444764412215e-03
9.221490168137972399e-01 6.233079499936201862e-02 1.460473964593098258e-02 9.114096823657515372e-04 3.359726389487904007e-08 1.397081366009370946e-09 4.003864198608767498e-06 9.537764176787351176e-16
8.976230741841598229e-10 1.212834896111810904e-04 2.787973044844945045e-03 1.056061141271080750e-02 1.634997577058173723e-01 6.524363977797555947e-01 1.328477081988254649e-01 3.774626747080984251e-02
1.065399445383082312e-14 3.000853679166175621e-07 3.380940470395519655e-06 4.851685050570754944e-04 2.277072716031360716e-02 2.350564198707431884e-01 7.623775765052812070e-02 6.654462457875113257e-01
1.243629827091795727e-14 4.248397849949428415e-07 4.733908286099246314e-06 3.505859096654164982e-04 3.604809516759215765e-02 2.516828741919420742e-01 1.516686928504761001e-01 5.602445931322419526e-01
4.437769646931675784e-07 4.511490945371436634e-02 6.244176153939208496e-02 3.881063907952420067e-01 2.532324750122265655e-01 1.225528128360519331e-01 1.284542072250374756e-01 9.699936136988140381e-05
7.628218334120213923e-08 4.990268142084351190e-03 3.932675266576252104e-02 2.372707462079525209e-01 1.495565538518006388e-01 2.330565726428773243e-01 3.347865994630681574e-01 1.012430744271475540e-03
7.680050414391203812e-05 2.214546938298290191e-01 2.049004715057375914e-01 3.844559818904363935e-01 8.551566858162065743e-02 2.601846223325308613e-02 7.756687063639708390e-02 1.105081858228663002e-05
8.832900424231086849e-13 6.811285590894211773e-06 2.935848061239688806e-05 1.916480910384516824e-03 1.565889395550384144e-01 5.283176103592331918e-01 2.232778424267007136e-02 2.908130151655884399e-01
7.904984591712718722e-02 7.677639831784821567e-01 1.397840383888871718e-01 1.331648039220330315e-02 8.299944176767990128e-05 1.256307605818411597e-06 1.396373887988310758e-06 3.953625290286207308e-14
3.626726379378494153e-03 5.113483634966135005e-01 3.326217856005971307e-01 1.488640174851263431e-01 1.228305791071078934e-03 1.993510451852104277e-04 2.111448820582093738e-03 1.381447062563048446e-09
2.892148830325083630e-02 6.355432171065210634e-01 2.822786141840838425e-01 5.166412386110665056e-02 3.587911510457776794e-04 2.466296164969085630e-05 1.209102323728325707e-03 1.086130238594536010e-10
1.020208406052650341e-01 2.033123080021771723e-01 1.327019859597005635e-01 1.867287888354910996e-01 8.126983488008597545e-02 1.267401388381990124e-01 8.856253304456351838e-02 7.866356983451795737e-02
1.352241170337625675e-09 1.728704186073785030e-03 9.781340478772108243e-03 8.039400479857967963e-02 2.545372651539587472e-01 4.653987661390846520e-01 1.807102494756605837e-01 7.449668415630042971e-03
8.792556309781354718e-02 1.915305062484833898e-01 1.752877311065491328e-01 1.708271344146393145e-01 8.707886408657589117e-02 1.281612534180637808e-01 8.084560475429908299e-02 7.834334287357611060e-02
1.782545653618648046e-04 8.787354695709613528e-02 2.411960695381242803e-01 4.028304720633357205e-01 4.819213490501705194e-02 1.056451372039263620e-01 1.140251824455360274e-01 5.920232160280080024e-05
3.920984544650748735e-03 4.295272188622816789e-01 3.296876397128117864e-01 2.189675337466020499e-01 2.055113909129003321e-03 6.351980505222879717e-04 1.520628946398712433e-02 2.171001244130397133e-08
9.147013520464368729e-18 1.112365084568244601e-08 7.146041580879827963e-08 4.171950814151535421e-05 5.163214002114983187e-02 1.244033015159935335e-01 4.785442198774677051e-04 8.234442121507653534e-01
3.396163958775562533e-06 2.937241664339304559e-02 5.903823874892872442e-02 5.246137630340859115e-01 1.929053037025100503e-01 5.831420862440200859e-02 1.355937417461915706e-01 1.589313365119144846e-04
5.374007949831140045e-04 1.275122994386678199e-01 3.141264887087408808e-01 4.031445052341149915e-01 4.657159870716239686e-03 1.837875941598239235e-02 1.316398784427224300e-01 3.508094072071551854e-06
1.079282076512794730e-01 1.924219096286384489e-01 1.516909233970567539e-01 1.793198731785938249e-01 7.985561661626801311e-02 1.184683532912320508e-01 9.027220127065484212e-02 8.004291496627646829e-02
2.137775995490217009e-08 2.796410968536180118e-03 7.238837513209414772e-03 1.505102468855760434e-01 3.411077341314022182e-01 3.611578989496985193e-01 1.331457826664622368e-01 4.043067507354991368e-03
8.600150336882793992e-11 1.143092226093160915e-04 3.269726135497612080e-04 1.558050877150562834e-02 1.906801895973061212e-01 6.236123301416747200e-01 1.099996145099585432e-01 5.968607505739772362e-02
4.161116148108214480e-10 9.770742478095269983e-05 3.411208969642927791e-03 3.111493522763017494e-02 4.563503691129680399e-03 3.664309813213090933e-02 9.235567756413960439e-01 6.127704971785832453e-04
1.936158202581613276e-10 1.397321829609949023e-04 6.402855579902173855e-04 3.222312959285360268e-02 2.001272166434929223e-01 5.721521044239934461e-01 1.415693156477855763e-01 5.314821575730725028e-02
1.468779130082158990e-01 4.659802288630637279e-01 3.256989919067189154e-01 6.096211846756299096e-02 9.313829557026264338e-05 6.025369355754579146e-06 3.815840759587201328e-04 1.355432214050746429e-11
2.083314850850167838e-03 5.810786872327058372e-01 2.859928811190035614e-01 1.176449331666028497e-01 8.153313252217837467e-03 4.049083156566994808e-03 9.977288187266791439e-04 5.840332685646908118e-08
2.942708430165394407e-01 6.198574955503404205e-01 8.321023205991488758e-02 2.643396008876953539e-03 1.764449738043429627e-05 7.782669739379681262e-08 3.110402470655825919e-07 3.134384984206057009e-15
6.873773474010272944e-01 2.186563675665750550e-01 9.193704941638100592e-02 2.022897524390609558e-03 3.732479980471095646e-07 6.980845233260524694e-09 5.957862782802776370e-06 2.670785064412422337e-16
1.020208406052650341e-01 2.033123080021771723e-01 1.327019859597005635e-01 1.867287888354910996e-01 8.126983488008597545e-02 1.267401388381990124e-01 8.856253304456351838e-02 7.866356983451795737e-02
4.125414626185118505e-02 5.337823243017061348e-01 3.187729487885869739e-01 1.051206119737940481e-01 7.234590090725470483e-04 6.070788820474306500e-05 2.858016518241610765e-04 1.249608290732596979e-10
1.872660185151561906e-06 2.659994858704021331e-02 6.739823533987045201e-02 2.650040734386966967e-01 1.757078472438958761e-01 1.968241211167397198e-01 2.680927952296454087e-01 3.711063839254936177e-04
4.625633229704296254e-05 7.080893909487112614e-02 1.696951930776248452e-01 3.376392253732324877e-01 5.889579473712225344e-02 1.373198631424235316e-01 2.254182904244686758e-01 1.764378179607600696e-04
4.293957315056274628e-03 2.589850819595534981e-01 3.333077711474647931e-01 3.493564153903352953e-01 6.564985803817645002e-04 7.039440452955360826e-03 4.636061993339176540e-02 2.152208624292274818e-07
1.020208406052650341e-01 2.033123080021771723e-01 1.327019859597005635e-01 1.867287888354910996e-01 8.126983488008597545e-02 1.267401388381990124e-01 8.856253304456351838e-02 7.866356983451795737e-02
9.059209821672935259e-02 1.977430957803663347e-01 1.488401965616448774e-01 1.512477822774655756e-01 7.287970905976862146e-02 1.569678538400926804e-01 9.216194112498742042e-02 8.956732313894491537e-02
9.688455508442545341e-03 3.301911466205033618e-01 3.450280414386526218e-01 3.043913336146972237e-01 2.379965851160130604e-03 3.366050759144692301e-04 7.984443215857868828e-03 8.674771151024490252e-09
3.306779546383074777e-03 4.376444787786092916e-01 3.184288086860684319e-01 2.296173271179844377e-01 9.970546227260764297e-03 3.404665579183021500e-04 6.915911332425337321e-04 1.952533187456969300e-09
4.653908119852849523e-02 6.127120637747299758e-01 2.345279423088302562e-01 1.045533819457894059e-01 3.061014530555723626e-04 3.154615672623519942e-05 1.329882804503461358e-03 3.578366429212316579e-10
3.283133282704480464e-06 2.198109024167582692e-02 9.949153332454847842e-02 1.798362279205339975e-01 1.824880602028459420e-01 3.583896360939543557e-01 1.567276448280131851e-01 1.082524255143164265e-03
3.820897973555305565e-03 4.108270872495079495e-01 3.718879011218077513e-01 1.944214342161345033e-01 5.805385310249589620e-03 6.165873223080949646e-04 1.262069044555524065e-02 1.636088177505479907e-08
2.197899009846393291e-06 7.546275156290448149e-02 4.606415142227343607e-02 1.692751472966124437e-01 5.984320755954973814e-01 9.647594573728744682e-02 1.423908758806706649e-02 4.864289834476271388e-05
6.727929108720848150e-01 2.558901801085056160e-01 6.677270036017078636e-02 4.540527904050635499e-03 3.832158412294612394e-07 2.109630074002236699e-08 3.276443025804266033e-06 1.967269946462286657e-14
1.708918483543550235e-02 5.569562068904438945e-01 2.490487015629385126e-01 1.683895659625774810e-01 1.257538163420262450e-03 2.253840893634612879e-04 7.033413630801065540e-03 4.865019120798623884e-09
1.203092126475486813e-10 6.189213930171511100e-05 6.330125813055170313e-04 1.775851259401976454e-02 4.664656062869391995e-02 4.043070460952610246e-01 4.688626952826822625e-01 6.173028055842671308e-02
7.922871884339348567e-06 5.034191999670570294e-02 1.034930285241132952e-01 4.898008264682394142e-01 1.494892341414070513e-01 9.250135565352743394e-02 1.142694384446381467e-01 9.627389948475476413e-05
1.469785682485614895e-13 2.195327028388490997e-06 2.088390351902436810e-05 9.473950053975438131e-04 5.294988391131311145e-02 3.718675401246325785e-01 2.226144761709015207e-01 3.515976255570639197e-01
8.739522692960237371e-02 2.275644471002429559e-01 1.715234949978912682e-01 1.758857866206745280e-01 8.725952008735943233e-02 1.364419108863312025e-01 5.826860548501860970e-02 5.566100789287972694e-02
2.393128741168683016e-01 5.160895334145695346e-01 2.013699336732568956e-01 4.246440431469435811e-02 7.654553282277171299e-06 1.427111865857846396e-06 7.541728036176032369e-04 1.184586735795474591e-11
1.361790170269235471e-16 4.791204303129732440e-09 1.398742871444482950e-07 2.756669403673981533e-05 1.223320367493930649e-03 7.113096529189211203e-02 2.574997517405741565e-02 9.018680278070249079e-01
8.370915365643896995e-06 2.701965077271029081e-02 9.797728924010382090e-02 3.488798973805054549e-01 1.722467795242479949e-02 3.491279724097588050e-02 4.739078030729505508e-01 6.951342496379525648e-05
2.164279957450097325e-01 6.536973385568431993e-01 1.107275503250129134e-01 1.907577296612299883e-02 5.010026101429069134e-05 1.346638085267889557e-06 1.989550616931036914e-05 1.742604506927714006e-12
6.102603447476176619e-04 4.222660872909768659e-01 1.809406083649014452e-01 3.634328138386461737e-01 1.613235980275305737e-02 2.440093371405369516e-03 1.417743443164004927e-02 3.425549304920792347e-07
9.072527304979820240e-02 2.040593635605356948e-01 1.813583409237239374e-01 1.785130257910429175e-01 7.739370103354153985e-02 1.272837453150975906e-01 8.086348494020642597e-02 5.980306538605346250e-02
1.883372406805681813e-24 2.276423976278837022e-14 2.554201351153493805e-12 1.423891451709711870e-08 3.160252574324883893e-06 9.484670854583107137e-04 1.273497719150316670e-04 9.989210086485676987e-01
2.003912860685605304e-12 1.629232649626642684e-05 9.619539038040461273e-04 3.157360827375762374e-02 6.476678732569954300e-02 5.177558556568155890e-01 3.658677722473383520e-01 1.905773026408423554e-02
6.237657015841023122e-05 1.162547462071168713e-01 1.605309769535620823e-01 4.993606984355251632e-01 4.641872595569748045e-02 3.789847066021648225e-02 1.393483414344147964e-01 1.256637833083172227e-04
1.025427058265307029e-01 1.980957381315986976e-01 1.506204617975269444e-01 1.678707899773588252e-01 8.957160552337115056e-02 1.129017248089567160e-01 9.599811813124795035e-02 8.239885580340870763e-02
1.025427058265307029e-01 1.980957381315986976e-01 1.506204617975269444e-01 1.678707899773588252e-01 8.957160552337115056e-02 1.129017248089567160e-01 9.599811813124795035e-02 8.239885580340870763e-02
7.825607924751338054e-03 4.561947182216619656e-01 2.996080677920838209e-01 2.265998623638546539e-01 2.506777659375392792e-03 4.032311875152281601e-04 6.861717661789697512e-03 1.718896792847091541e-08
2.093540679457589791e-05 8.261985929554316321e-02 1.887726863901634522e-01 5.143284091378057532e-01 1.284182616649781894e-01 2.173744725949970646e-02 6.409968936986093491e-02 2.711475353571779065e-06
9.954526731200004773e-12 2.586372944370325460e-05 3.505780760352444425e-04 2.586931479502476913e-02 8.712664032429932870e-02 5.505457841587754197e-01 2.942611995273128334e-01 4.182061937915401706e-02
2.343685694018365646e-03 3.515620311965977351e-01 4.543007118163217561e-01 1.883543052378495453e-01 1.577784676816512818e-03 3.637573708702857966e-04 1.497723389753247321e-03 6.177718915832101168e-10
4.543967532012205008e-04 2.628383582897214077e-01 1.971849998416671801e-01 4.313184116430510140e-01 1.237005819687814027e-02 6.721405535670750553e-03 8.910763780314465143e-02 4.731936666039137351e-06
6.003365802754171858e-12 2.643805957956669658e-05 4.639934470722614280e-04 2.078606339097006928e-02 5.331331821411480071e-02 2.827409781630961239e-01 5.980338268949901837e-01 4.463538182417672862e-02
3.530726794990183409e-02 6.850978772947033946e-01 2.386787745452921827e-01 4.040222177896122396e-02 3.993907755251616229e-04 6.296791263563531623e-06 1.081708609570829189e-04 3.395225800523902457e-12
3.933789471334361679e-14 9.363267664017892998e-08 7.522227006119570219e-06 5.225547965307438675e-04 3.854996877723287571e-04 9.259230108285121386e-02 8.235684269450777029e-01 8.292360162804189583e-02
3.817767172338616021e-05 1.423468812173994957e-01 2.594011514290665010e-01 4.103849388581166102e-01 1.590372570709228106e-02 1.144896632325460330e-02 1.604730534284523058e-01 3.105364895295031929e-06
3.870333386249427514e-03 3.455763188592321233e-01 2.870949652187764212e-01 3.397886216195428188e-01 2.257131248894227171e-03 9.520914981996617165e-04 2.046013817294095594e-02 3.999961641633578642e-07
7.796829484014182465e-02 6.997135637745607317e-01 1.986302977136141512e-01 2.341813829111712500e-02 2.100467617303486390e-04 5.005657006723900922e-06 5.465295397683409023e-05 7.853118428625962638e-12
1.373093663551305137e-04 3.803874195477757736e-01 2.456639768662012280e-01 3.303110768845993750e-01 1.927252446252051762e-02 2.868363992322541921e-03 2.135918564857508528e-02 1.432316495337499426e-07
5.157397063995551167e-13 6.881408306567813769e-06 1.816439695747799083e-05 1.401811466120086742e-03 3.499448549070084402e-01 4.560801527930722910e-01 5.362886037729316935e-03 1.871852489902923744e-01
3.145204854930021588e-08 2.037529644151126699e-03 1.925622170165197308e-02 4.174631420805231113e-02 2.117499242525472392e-01 4.923324892299861810e-01 2.232930661638214409e-01 9.584423347741835228e-03
1.433206195934041798e-03 2.763793305014066171e-01 2.774384124078632108e-01 3.837687125622592510e-01 7.695839425249918937e-03 4.512437673104388418e-03 4.877154571495057045e-02 5.155192323021375720e-07
1.623754267962291935e-05 1.129754732193731653e-01 2.147605645190674983e-01 3.919079294243838496e-01 1.436301693433134907e-01 4.705302703046537055e-02 8.963999312801007591e-02 1.660579270758742181e-05
3.518240602103329224e-17 4.233933277027757386e-08 2.650960174114058345e-06 2.945027343202663030e-04 3.576634858883409596e-02 2.779355890973171372e-01 1.687688175180683189e-02 6.691239845282163090e-01
3.148240854216586312e-04 2.863330640459265664e-01 3.335613080849939016e-01 3.488987405154905797e-01 5.633101713346722571e-03 1.388881710370600897e-03 2.387005569725917514e-02 2.414718955512630408e-08
2.033890409469750455e-06 1.109297893736713517e-02 7.813962752880256046e-02 2.144495800322569201e-01 6.103719699120713216e-02 2.782161510410576799e-01 3.565293221407007662e-01 5.331094381978785171e-04
1.887057952026853058e-04 2.937637545920383508e-01 3.831839610001086527e-01 2.453009190044566357e-01 2.546190407197942984e-02 6.027319090440551481e-03 4.607264490471557616e-02 7.915410571960166873e-07
3.694280748246503506e-06 2.413055565151855930e-02 3.981961910463250459e-02 3.378058341031782708e-01 1.320867808991452452e-01 8.989785284683780853e-02 3.743937021239317486e-01 1.861960990007696876e-03
1.646466774184106101e-07 1.196183245655601732e-02 1.721412469536637291e-02 1.512754047535376234e-01 2.244157527359353088e-01 3.774150247135187874e-01 2.052078405606857225e-01 1.250985543772339774e-02
1.640633418896423126e-02 4.125932570732099292e-01 3.960023245167267336e-01 1.715783659473708311e-01 1.156111749736939663e-03 4.659104739945004180e-05 2.217015306314500805e-03 1.702758674721997792e-10
2.607022915790450923e-03 5.099981401961182215e-01 3.567042657816339446e-01 1.244377974757579775e-01 2.388735813683481174e-03 4.891450285256374389e-04 3.374888802452292048e-03 3.986037564077386970e-09
4.919689624139024844e-03 3.760492209825096466e-01 3.202334858331040701e-01 2.768887984297348503e-01 3.097658526596273193e-03 8.396946438916297805e-04 1.797134828713361360e-02 1.036728883666799230e-07
1.526842748845498032e-01 4.516083581395278213e-01 3.316704127725608742e-01 6.386030864474699642e-02 2.889045933033850089e-05 4.193431654698769360e-06 1.435616652785010202e-04 2.351276360670326138e-12
2.275997530249386496e-12 6.527523391607977817e-06 1.932768559769970236e-05 1.606722471874042543e-03 1.584158201255099485e-01 3.683972129035538723e-01 1.736338604734730118e-02 4.541910032404484210e-01
1.271566096038004301e-02 4.464463755642881226e-01 3.277336708132366772e-01 2.047650986910708737e-01 1.122483804472871206e-03 2.920666025368019248e-04 6.924637431553118741e-03 6.132461659393309848e-09
1.006679888524616845e-01 2.335724110707474432e-01 1.434611945103179409e-01 1.681257125017475706e-01 8.089288177002686153e-02 1.366297047520384222e-01 6.444554283356959679e-02 7.220456370909052179e-02
1.742198847871090724e-09 2.586917073068323737e-03 1.483649304939295074e-02 9.048116903999889327e-02 4.225652119257858885e-01 3.657775094432429985e-01 1.020347598727781163e-01 1.717937853530803870e-03
1.439348018832582398e-06 2.852384890428853043e-02 6.135194047318460325e-02 3.899656368920241811e-01 6.699006022517611791e-02 1.017576636872509627e-01 3.506232634479619636e-01 7.861470220984642871e-04
2.449340000413082212e-05 1.957437571266865128e-01 7.275027600255690174e-02 3.169264466918186862e-01 3.759477463855542267e-01 2.852676964667966164e-02 1.006465687087571351e-02 1.585387582737915951e-05
9.385871420961881595e-06 9.883938346163416433e-02 8.108673944351409146e-02 3.316240184535130253e-01 3.338595928243767719e-01 7.439589162848835036e-02 8.008356628339666217e-02 1.014220336595265877e-04
2.658362494743544189e-09 7.774952321633895420e-04 3.526459737006237306e-03 6.655473650848510447e-02 1.392328644087935385e-01 4.754771950696164429e-01 3.007981313664961909e-01 1.363311501907743528e-02
4.273347312476193953e-10 1.696638393287389893e-04 4.584285609737938209e-04 1.701820438550285738e-02 2.418609132457334998e-01 4.353955357846114316e-01 1.277892384694277184e-01 1.773080152870864235e-01
7.182815458733213483e-10 7.099774260376700771e-04 1.532360891632415442e-03 4.689676745523064377e-02 2.792731144890049921e-01 4.958297761753787669e-01 1.530924367028316246e-01 2.266556614160213437e-02
1.485586609156098613e-04 2.049463474587235323e-01 2.715785805716823265e-01 3.856883420007120589e-01 7.400599259151949272e-02 1.979114773586697698e-02 4.383344365151267685e-02 7.587329066940271323e-06
1.271503823134032679e-02 5.524691471333978976e-01 3.268941893287228839e-01 1.038211207343934378e-01 4.707350906458665843e-04 6.966337599297017086e-05 3.560105684691099431e-03 4.208162627236608471e-10
1.679161059384435154e-07 2.321448556143773656e-02 3.516581384474802563e-02 2.755585573628159257e-01 1.643344692228894677e-01 1.712266823184767639e-01 3.299470295437501588e-01 5.527942297795117223e-04
1.151088074447850751e-04 1.314450167433207639e-01 1.793600883317942041e-01 4.696600403545273528e-01 4.804427114678279376e-02 3.310987832772389894e-02 1.382512397958280681e-01 1.435649257833949723e-05
1.298697622206194523e-04 2.546519727117264043e-01 1.899537799456493259e-01 3.762462904110348005e-01 4.407371011385347037e-02 1.841543179066162592e-02 1.165154138952286811e-01 1.353136962497477365e-05
6.836664300569829100e-01 2.924904120103532512e-01 1.982126392917335500e-02 4.020045077043151241e-03 1.775831641036776752e-07 1.739051991041599609e-07 1.497438064539628239e-06 1.930093785134393539e-14
3.165195968236581558e-01 5.577861377848837288e-01 9.633880249672463481e-02 2.917588579577995445e-02 1.581875605661838265e-06 7.875151387844139854e-06 1.701200660167251583e-04 5.942480516617307082e-12
1.762051609472348339e-07 7.960038621145068549e-03 3.028386595525476774e-02 1.513519679550329733e-01 2.985314920467737054e-01 3.478311204254359579e-01 1.623386274293548981e-01 1.702711361840644234e-03
2.062299971786274791e-03 3.330905665284065176e-01 3.354071710724084165e-01 2.733666850681255034e-01 3.015165013124124823e-03 1.290549903363310061e-02 4.015122693285342464e-02 1.386379662748886282e-06
6.003759976025571806e-08 3.053579380819432688e-03 8.304789403828755079e-03 1.009812891932722750e-01 2.486305403876076514e-01 2.717809931940439738e-01 3.540066940593567524e-01 1.324205434347237691e-02
9.925767927077007169e-01 6.097001557606006837e-03 1.293838588698488458e-03 3.235206990691720763e-05 3.506701456806768081e-10 1.506165321825360337e-11 1.471035656197042946e-08 5.597704501356881582e-18
5.496350607848627442e-04 3.248711869487695414e-01 2.439241597166465214e-01 3.914470777481298680e-01 1.837711861228782592e-02 2.798557806929259217e-03 1.803057852011769741e-02 1.685586333742738502e-06
5.700711514891629945e-05 8.029107291214636344e-02 2.344962764676897238e-01 2.994035249825762746e-01 6.071133720355025715e-02 1.673071089191988658e-01 1.575455905927276579e-01 1.880818069615191354e-04
3.147141119092482113e-06 4.244924553311495152e-02 6.410049691790135895e-02 3.625858282091296569e-01 1.625943824273461680e-01 8.437776141508211702e-02 2.837153407353416590e-01 1.737976209649298969e-04
8.149197568750900234e-02 5.393052860094502687e-01 2.688023485025330395e-01 1.095092181497400174e-01 4.100052464264916955e-04 2.569582278439817681e-05 4.554705187489147835e-04 6.280813197523491849e-11
5.138638710709822572e-11 2.051610067988943295e-04 2.254679984025515904e-03 3.134594997601652250e-02 2.237703200027207906e-01 6.265829557873210387e-01 1.040937914675083426e-01 1.174714172422300883e-02
4.916760197954229972e-02 7.465672784310144472e-01 1.860032468409082151e-01 1.799463339261314285e-02 2.431871400172768132e-04 3.743704786289240194e-06 2.030850880680737529e-05 2.312180865450410308e-12
4.323469083138797740e-14 2.231620339255408101e-06 7.929763355097728151e-06 1.646167601131995123e-03 3.687019977144161964e-01 4.651848535545249907e-01 5.190938882460037311e-03 1.592658808637313905e-01
1.851540270882221505e-19 3.522489030024165486e-10 2.767142658289871623e-08 3.673103178093436121e-06 3.888568468227688625e-03 6.925450593345855443e-02 2.638302826021625912e-04 9.265893941888609930e-01
3.515531599493414914e-05 4.493358820693624939e-02 2.337367705155712905e-01 4.448215721305075476e-01 6.920321749429404756e-02 1.072051953216948406e-01 1.000337296745711785e-01 3.077134045113658908e-05
2.640730993096888635e-01 5.314836933535264096e-01 1.727036486326162523e-01 3.164756378287836985e-02 3.629343687497067457e-05 2.209507671271041820e-06 5.349197475806128174e-05 1.985719402818055916e-12
1.711669745110349361e-01 4.005268032382435783e-01 2.979526938812326886e-01 1.299080015186773740e-01 4.916847216293539192e-05 4.206720746891928630e-06 3.921516135371453304e-04 4.436197238675175618e-11
8.074651916912267691e-02 2.117536886063072499e-01 1.979262536764612723e-01 1.510744760886800486e-01 8.781103164502723768e-02 1.384879656450337115e-01 6.397322857441041510e-02 6.822683659495730468e-02
1.910885884233029797e-01 5.398317810353622237e-01 2.175596884925760366e-01 5.031888483184290134e-02 2.876707997942536273e-05 2.429695135366549312e-06 1.169860437778420716e-03 4.022730393246098969e-12
5.606914523541409179e-03 2.062019552666185251e-01 4.531518449807407367e-01 3.127793927124543072e-01 1.176998682667899812e-04 1.354831983343285243e-04 2.200669453340626386e-02 1.491663442207996494e-08
1.642268137029579945e-06 2.428020014673325233e-02 5.243550949266245764e-02 3.421444853070233494e-01 9.322861643032066825e-02 8.053049176944619691e-02 4.060613022663974170e-01 1.317752319279752752e-03
3.152909923749258577e-07 1.001359596287489107e-02 2.813833169983030041e-02 1.889142552733217018e-01 2.524549806693442977e-01 2.624702964316595333e-01 2.568888476454824210e-01 1.119377026495414545e-03
3.747036069034290807e-07 1.124951993227422259e-02 2.650089477194006796e-02 2.853712898658121722e-01 2.416630114119637518e-01 2.385901342506016876e-01 1.955186376496950429e-01 1.106137414105663914e-03
9.999809303242421787e-01 1.725172128509183230e-05 1.817083137532155927e-06 8.713225508908383978e-10 6.634631020884132728e-16 1.447226881860226274e-18 1.232220873427865508e-14 5.335195797688652496e-29
8.035180659685714488e-01 1.797149440868864578e-01 1.408513685056370264e-02 2.680799186540564014e-03 3.172843057588574448e-07 1.170619140262927219e-07 6.195612132650647499e-07 5.512070345956452420e-15
2.061530527726704619e-16 6.616812010204565823e-08 7.888705348498416297e-07 2.035757422520272314e-04 2.650332605163505800e-02 3.827236827187860402e-01 6.203231506537841208e-03 5.843653289421347763e-01
1.497856160635047465e-03 2.316278516940064591e-01 2.947835190441217001e-01 4.327153925423204983e-01 7.229310734259959334e-03 1.183201992748737254e-02 2.031339516919181826e-02 6.547279764878180306e-07
8.439543879746920298e-06 4.683552111820098868e-02 1.323351819151512287e-01 4.572234087157704407e-01 1.199529028086041976e-01 5.931469694785443392e-02 1.842863788579582329e-01 4.347009258145213009e-05
8.739274610818566714e-15 3.317321419446754684e-07 1.067086423198966750e-05 3.881054681445266961e-04 4.961748199818266647e-02 3.973393224038871963e-01 7.946452234527700761e-03 5.446976352988752712e-01
6.595493084117936590e-04 4.473945729661629178e-01 2.625033732068645098e-01 2.410934588450054650e-01 1.894284723264504089e-02 5.079287130203494725e-03 2.432601275177126432e-02 8.985589363954051167e-07
1.002977683435657547e-01 1.802183493362824185e-01 1.393091901426307122e-01 2.138584111733338733e-01 8.885750307839668238e-02 1.164724357725067799e-01 9.336224872642287509e-02 6.762409342686093172e-02
3.382069360211228689e-13 8.436405488078566357e-06 3.188106063169040649e-04 1.194865700320184472e-02 4.931295487958226031e-02 5.304409265938602180e-01 3.308529649728424449e-01 7.711724953837069407e-02
2.549683545601136303e-01 4.147048605046408931e-01 2.712929637493746160e-01 5.854229565015140607e-02 1.975464831080381547e-05 4.863069964463303270e-06 4.669078092133231608e-04 8.230664314165378373e-12
6.245326463650412156e-06 5.231053424578462757e-02 1.770720606107513972e-01 4.039976118796450577e-01 8.086057026681855997e-02 3.531045769718262062e-02 2.504245719786810098e-01 1.794799467476766415e-05
3.123321012236348249e-05 9.401075828056332240e-02 1.228170901623606842e-01 4.772843112153511425e-01 1.649059019207999022e-01 4.342082315117078151e-02 9.746550739471152025e-02 6.437466492552394682e-05
1.265597394166271261e-01 1.881031824030294786e-01 1.206435239719027414e-01 1.764517583109901644e-01 9.960760903374363262e-02 1.006301356571306094e-01 1.193818478878741346e-01 6.862220331870233503e-02
