7.540122326335423975e-04 2.935470985386856024e-01 6.028208923258194796e-01 7.568382227357116354e-02 1.706110916425759502e-02 4.716997479815671578e-04 9.661363997938711770e-03 1.719112235431896641e-09
8.149460560353424809e-02 2.336716842695630014e-01 4.447238118158775566e-01 8.173932613325780860e-02 7.956629591122968415e-02 6.318604008716648124e-02 1.162960270761909803e-02 3.988633471751375920e-03
1.161465605247141448e-03 8.487742134060576316e-01 7.811625648421531565e-02 6.653953416431086787e-02 3.573829297937048018e-03 7.491450865280398035e-05 1.759786251996295738e-03 2.815830601021323076e-10
2.229262451734597200e-06 7.696280535139916890e-02 1.064987683523106916e-03 6.868551122737746040e-01 1.384889181673987502e-01 2.690041031432848992e-02 6.914493558937856443e-02 5.806013577469795349e-04
1.996248392250720486e-16 2.087376135557150284e-08 3.552482235185599966e-07 2.132148841046076475e-04 6.454941906083531619e-03 7.210486783441272252e-01 7.277945121309174759e-02 1.995033375306080325e-01
5.165610565108864309e-06 1.214480400258106767e-02 1.898398871971899160e-01 1.459219745363857790e-01 6.717325988356024312e-03 6.264871323503113168e-03 6.391045975853697492e-01 1.373756045395224502e-06
1.732006636530722293e-06 1.633865005552635578e-03 2.693786843333678682e-02 1.009843439507913205e-03 6.625381613447603110e-04 9.601266612907858322e-01 9.622800607168434384e-03 4.691055671167562274e-06
4.706523284506123894e-01 5.271606049374100156e-01 7.293181530956207746e-04 1.353869849731542457e-03 3.088658057289210894e-06 3.334888844943826302e-08 1.007566020731442112e-04 1.311086492736196168e-13
1.354794196606110835e-07 9.193722421050204777e-03 1.787683878431306148e-02 4.922120806867870679e-01 2.116864626054279844e-02 1.064447834825134470e-01 3.506360424550882260e-01 2.467750430263664866e-03
1.860200501664383824e-14 1.957721405810999581e-07 4.785623749250722641e-07 8.995684776028491786e-03 5.010277888004502876e-03 1.740721956916056745e-02 7.599399592582595231e-01 2.086461841740119283e-01
5.261823403890790861e-12 3.560127288003082761e-05 7.007976809242546905e-05 9.669840003374619020e-03 4.932461305539279084e-02 9.072096947143151180e-01 1.122751432181978357e-02 2.246265685886343275e-02
1.183936117291540835e-04 1.418021339464953789e-01 7.608476844476577128e-01 6.142885334951073834e-02 6.658999063886401892e-03 1.185768931347638356e-03 2.795814603047567376e-02 2.061889781911150981e-08
8.998773421369708758e-02 1.871448195601835840e-01 5.064543287747731437e-01 6.514226620857041516e-02 7.397759814267866607e-02 2.287790256306630049e-02 3.291322606585170285e-02 2.150212447117946790e-02
2.606587610431354754e-11 1.713543335908062300e-05 3.549561509894963045e-06 1.106419810999561756e-02 5.205849582867293490e-01 2.683992170292689994e-01 1.623649079135129070e-01 3.756603363955832164e-02
2.265013003759863100e-04 2.363768901173019799e-01 5.875061076175789321e-01 9.077506521718020638e-02 7.222087851385494695e-02 6.219289116275981272e-03 6.675154201361829971e-03 1.139160701792861848e-07
1.260997764586493583e-02 1.687733295307588255e-01 6.933190168793877950e-01 1.250777104625847846e-01 8.281943518949484077e-06 3.527670036101097890e-05 1.764068367566445960e-04 7.686244860068468816e-13
5.384688644232552996e-19 1.385534916083130505e-10 8.620428920064147366e-09 4.552900358931135577e-06 7.310701538836789169e-04 1.393155479249969519e-01 5.159907899555572428e-03 8.547889123622226526e-01
4.384575181921187004e-01 3.841695610056098942e-01 1.571800406354161295e-01 2.015385544536539911e-02 1.505480860508873690e-05 3.769955566977183239e-07 2.359291723422215931e-05 9.388462476946604709e-14
1.550617034879943068e-01 7.697820623352620295e-01 4.705442473472756099e-02 2.786092153430529822e-02 2.216066095746690675e-04 3.762256177203630449e-07 1.890507039060909886e-05 2.127571067780182029e-12
5.786086446797100713e-02 1.365848384610653665e-01 1.746971218298204176e-01 3.523633971400506049e-01 7.273530872385429447e-02 1.308317594438840603e-01 5.199492705087303823e-02 2.293178288248137395e-02
5.190649403728051440e-08 6.109532386009116148e-03 8.667233169132978338e-03 3.008327558485983100e-01 5.710520914215828220e-04 1.057915303165544163e-01 5.743239353800002611e-01 3.703908901787714928e-03
1.010300013362600629e-24 1.488912673654240851e-12 3.193738593239557140e-12 8.431953145686755820e-09 2.207740833931340094e-05 1.133949832344252097e-03 3.807356011584582280e-06 9.988401569666686131e-01
1.162473823110626858e-02 8.378892554252832803e-02 4.221114409159006098e-02 6.719402411410626552e-01 1.408145599527331308e-02 1.347617942170511451e-01 3.916714684557162651e-02 2.424553935817424285e-03
9.996761581344624226e-01 2.177341795189474227e-04 1.060834833930934644e-04 2.420072106337039923e-08 3.349387018508926454e-13 2.130700104521621802e-15 1.567439727628285290e-12 3.258223101069993052e-26
3.738311565680130634e-05 1.302840037535270279e-01 8.068930805479090917e-01 5.694515987041390975e-02 2.312950333157574260e-03 1.482735882251674710e-03 2.044686415245215803e-03 8.183732934151482958e-11
2.635471748861071412e-02 6.518530174343376560e-01 2.791308944053730867e-01 4.136056565615785913e-02 1.002811932474109366e-03 1.400310765295921674e-04 1.579619365215219275e-04 6.999518541813422576e-11
5.010509660797951394e-09 3.572377375579326858e-02 2.362434539915858611e-03 1.261334161380896490e-01 1.191112352968799748e-01 5.143925597326723942e-01 1.926126704917794363e-01 9.663905034359801874e-03
6.439239920427787534e-02 4.872247653968252989e-01 4.035116693130563065e-02 2.790904859233465096e-01 6.354947321147916967e-03 2.646599460787636693e-02 7.202647326424933827e-02 2.409376735097112227e-02
1.103829199938591005e-05 5.458139787045484387e-02 1.332321603200595228e-01 2.246148611301656273e-01 1.496658538576371364e-02 6.233813291919472477e-04 5.719703758108140024e-01 1.998616027218862699e-07
1.387418995650711688e-03 1.083441364414131636e-01 8.111682979126969562e-01 7.340453711093848643e-02 1.132188693751017905e-03 1.978700298307039347e-04 4.365550467224732153e-03 3.484941153019271086e-10
1.035501368833056587e-02 9.872797198036790955e-02 1.686475345837882001e-01 6.141099204286685209e-01 1.903706621960520973e-04 1.313705053327378358e-02 9.483143673836927356e-02 7.013850050087775859e-07
5.572798863476557545e-05 1.324134131174942164e-01 7.035258822609885554e-01 7.868413899328452477e-02 2.237161614951036284e-02 4.052676410765650855e-02 2.242240891469969924e-02 4.846772851129690036e-08
9.244483497750809924e-04 8.167612451074540703e-02 7.939735996776409177e-01 1.076898092290667630e-01 2.369735919957541553e-03 1.839272375741775019e-03 1.152696848641790797e-02 4.145065439713448828e-08
6.317838161168058166e-03 1.641666435826518722e-01 1.199598332887286956e-01 3.161265512160516544e-01 8.149348575983769716e-02 1.561283371163893208e-01 2.847929696094712859e-02 1.273280139142248524e-01
4.907834727420205472e-26 7.589672896677522771e-16 6.607694828783197013e-13 1.259416694790233760e-10 1.739815514774960400e-06 2.160282290466777823e-04 7.664186551454309989e-07 9.997814654101775389e-01
2.410080040462465032e-14 2.039320621966367875e-06 4.429348889477998904e-04 7.933612402340719377e-03 2.931600606681787902e-01 3.261733387530994007e-03 1.847096754223284121e-01 5.104899439100278880e-01
8.244677616757166427e-02 5.242535305959160619e-01 9.591045030312926600e-02 9.653070906813887575e-02 6.198116317409386317e-02 1.445545491134159720e-02 1.157232686568191449e-01 8.698647122989296154e-03
1.279067611522234360e-01 7.659983181758796000e-01 4.419007789834310945e-02 6.119008783475279878e-02 1.244753287530555707e-04 8.276882548037264658e-05 5.075107731706627722e-04 1.139672706303797877e-11
3.747906187906396250e-12 2.013686443160867857e-04 7.893585622584610439e-03 5.691232970212041498e-02 1.681224880942166489e-01 3.860940208902132742e-01 3.077732650394390812e-01 7.300294200336093775e-02
4.123097317222200131e-09 9.311887794083551330e-04 6.420573224431591099e-04 1.736141230573068905e-01 1.176520300469206665e-01 6.759374752806114328e-01 2.038462982500823320e-02 1.083849156520396220e-02
7.745126454383405631e-19 7.680557708791513714e-11 6.389036002750818969e-09 4.083433256214048703e-07 5.127323634876205464e-04 7.704438881214864185e-03 4.663192199673435261e-05 9.917357820241321509e-01
1.000448235941460567e-01 2.610364467216455542e-01 2.756048196511367565e-01 1.584086518149122047e-01 8.296012962534794755e-02 5.984997067079955019e-02 5.469561422579534427e-02 7.399543696216876430e-03
1.311694383236384868e-02 4.909519474944333828e-01 4.315928869529620515e-01 5.244580067760575698e-02 3.917841462558881529e-04 5.531299527853792488e-05 1.144532379421555127e-02 1.068863562549589159e-10
6.812759939676561217e-03 9.756251705813459019e-01 1.704517374654950955e-03 1.512408435356387901e-02 8.354450387987935115e-06 6.861545440678695265e-07 7.244270690326669879e-04 7.679383942569120910e-11
1.091304917710682809e-03 9.008619242163447005e-01 3.465081483937301060e-02 6.294802145812233851e-02 9.807393717058625988e-05 2.085936284130572138e-04 1.412670011518505481e-04 1.714572370419953648e-12
3.724913684795639373e-08 5.272825716409130885e-03 1.816894584091160308e-02 1.518549750689612288e-01 3.370424690136981927e-02 5.602361708229605108e-01 2.238648353954828252e-01 6.897963004767843249e-03
2.898567172283899048e-16 1.026895646949214488e-08 4.198298585534541690e-07 3.055946490018458784e-04 1.533993539043498086e-04 2.276361649763781192e-01 5.527194154771410996e-04 7.713516915064226875e-01
9.832081351439415223e-03 8.956449756677250518e-01 3.325828447745036998e-02 6.108570557261120554e-02 5.149888850027770422e-06 2.519093502277740500e-06 1.712839451969964564e-04 3.224577614315120439e-12
2.722686713532545357e-14 6.279185833902096778e-07 3.162471299013406806e-06 2.817937546878917328e-04 2.525235674965298563e-02 6.257828869254992155e-01 2.303201986255981257e-02 3.256471523176903138e-01
7.610979755092463805e-06 6.736672459592535356e-02 5.361238908249220669e-01 2.067403734722384201e-01 1.548638888532749003e-01 8.454511525104801278e-03 2.644296192197459136e-02 3.782680469226721201e-08
4.775345068947375335e-11 1.394271573350955187e-04 8.163819559384321201e-05 9.047728991704244439e-02 3.223558265262234379e-02 8.521813279665654273e-01 1.966636886858620648e-02 5.218365194501853842e-03
1.765589331448947918e-01 2.461723302572400018e-01 3.443060650113942689e-01 1.106575093956757017e-01 2.704245903502092499e-02 3.359500113749119832e-02 4.263298587185362920e-02 1.903471614642913284e-02
3.981058945660142512e-01 5.807584591831442822e-01 1.881609906958587805e-02 2.288084268274908489e-03 7.656644164262889593e-06 2.701756502345403503e-07 2.353609312969849875e-05 3.659634758308919942e-14
4.583561272524444709e-09 2.954237044499758444e-04 1.421755484837276470e-02 9.179692966978902913e-03 6.900107807483321642e-02 8.285714768564316213e-01 5.408765367130556612e-02 2.464711529406654264e-02
1.040821394910667469e-01 2.987852821780484502e-01 3.159315616170752655e-02 5.619884212451491390e-01 7.007572937446643205e-05 9.240443883326987116e-05 3.388520741254776644e-03 1.456371905147748909e-11
2.414247950947711354e-09 5.436571919189102505e-04 3.970034441918061062e-03 3.113586655888824287e-02 1.514357092313350084e-01 5.757940933737163425e-01 2.248083556097663083e-01 1.231228117820821338e-02
4.688822763911227263e-13 6.972272738738627271e-07 2.052527823101333668e-05 9.708030544638469178e-03 1.348558597350644345e-03 4.991415146020528049e-01 3.522947882329952041e-01 1.374858855169897864e-01
7.342453365972673174e-02 4.728228821750444788e-01 6.891498412908571292e-02 3.782941299100275323e-01 6.566639133994218915e-04 6.595614695979197094e-04 5.227244192891907122e-03 5.502204192274365701e-10
3.968689749487109552e-11 1.537935133632471448e-05 4.909093270025257505e-05 7.979903884011147266e-03 1.641966034256502115e-04 2.477178877362919834e-02 9.669561194694958894e-01 6.352094571097214085e-05
1.327241181507456645e-02 9.716093221378586664e-01 1.010110220672395462e-02 4.901872788639344627e-03 8.434296531219903062e-05 2.374627252304038096e-06 2.857345898560058011e-05 1.626954461413429503e-13
3.753717463470794546e-02 5.191791784311995395e-01 4.215102924217263292e-01 2.065796847344274212e-02 2.094092063008265740e-04 8.788489246929342489e-06 8.971883405448761962e-04 2.830691042236321603e-12
3.813015771215589992e-21 1.010544645967613221e-13 2.120500977430879888e-10 3.268859216471135073e-09 7.485126593961357081e-05 2.476577840751321632e-04 1.912802142249564775e-05 9.996583594475512147e-01
1.243328723629226235e-04 4.356259270405412470e-02 2.821113753417612835e-01 5.541877587188888121e-01 1.584366347888899900e-04 9.651056487380761661e-02 2.334248356174692396e-02 2.455292586084956156e-06
2.028241045499017643e-05 2.199946598001675802e-01 6.597923127274629707e-02 1.963974177246556874e-01 1.519190646820236246e-01 5.964032531151980225e-03 3.597252733905332289e-01 3.818826648542389125e-08
2.743202571815379255e-11 4.222231419513006076e-05 3.104960348195567871e-05 8.913478805129350412e-04 9.397909742350974982e-01 4.833728296564951399e-02 2.850716943788903900e-03 8.056406029840725708e-03
8.982049790683533930e-01 9.040502922301299482e-02 1.076226963223974806e-02 6.248664212725091359e-04 8.747355702398439704e-09 5.685900539419722364e-10 2.846339175976221652e-06 5.891170914786191647e-17
1.487972121367694148e-10 1.689909438076249150e-05 8.647134591099110040e-05 3.320434966056841439e-03 4.361248963310456611e-02 7.428696898028321893e-01 1.550576498789169033e-01 5.503636513000023656e-02
1.180896468770585679e-17 2.888187912240348510e-09 1.668130739828156371e-07 4.727044867190727121e-05 1.075693237187222109e-04 1.922610126156901536e-02 7.307590941589092379e-03 9.733112983231870796e-01
1.195108946294810850e-16 1.641619315533051342e-07 4.187795952524227618e-07 5.225029374951582382e-05 7.535880777937280575e-03 1.160906441666450205e-02 1.413702964323268474e-02 9.666651919268876014e-01
6.196002835541224296e-09 8.266619712091220415e-03 4.531647663908002551e-04 1.478502575648527884e-01 6.769365612061093440e-01 1.575018810282836079e-01 8.959551276367865719e-03 3.195824990146080681e-05
7.253223717773623042e-09 3.133466732136099692e-03 1.543666600460187090e-02 3.101279777604032950e-01 9.613797060755280288e-02 5.690685916107589559e-01 3.770240428771483819e-03 2.325079602551740135e-03
4.303555505199606140e-05 2.105934934133532055e-01 3.745744625580286757e-01 2.558019744448855604e-01 1.234569940546620948e-01 1.173376118151991769e-02 2.379536362776504474e-02 9.151647336808205326e-07
1.542168141654275415e-11 9.572552012851294831e-06 4.188683473879848893e-04 2.973135458159877672e-03 1.674910685933428678e-01 4.675086025116023114e-01 3.232467787679230847e-02 3.292740746452789691e-01
1.519415697400467169e-01 7.797943830578628610e-01 6.447970598244061324e-02 3.777647562805023368e-03 6.249023440228490652e-06 9.127069834134196947e-08 3.533627053523201791e-07 2.774870698183616050e-16
9.980238649339230605e-03 8.799316123552282098e-01 8.146701967601949201e-02 1.839677719029708669e-02 4.531360276052906998e-03 9.168494348800667346e-05 5.601306724979058897e-03 1.845962504172775490e-10
4.377856705863822362e-02 4.636077313429471380e-01 4.752156995530517070e-01 1.698670145322931507e-02 3.285434046943801006e-04 1.885754277180839693e-05 6.389964272390111157e-05 1.943835509748388296e-12
1.000448235941460567e-01 2.610364467216455542e-01 2.756048196511367565e-01 1.584086518149122047e-01 8.296012962534794755e-02 5.984997067079955019e-02 5.469561422579534427e-02 7.399543696216876430e-03
1.120847651641022718e-09 1.355692867370732451e-03 3.527404577033588229e-02 6.304579110133606834e-02 5.822121403332884970e-01 2.173044955752062857e-01 1.007545028684855015e-01 5.333036312937339219e-05
1.127070097527826942e-01 1.853055904087845540e-01 4.173303620012313586e-01 6.106622140999230786e-02 1.169423797805850956e-01 5.810487465615218200e-02 3.972139752355190873e-02 8.822164466920657047e-03
1.773300138464930012e-04 3.975182654552671807e-02 3.641676549160995924e-01 2.739161319632844038e-01 2.462589858165320760e-03 2.794841162117232547e-01 3.998151399650024668e-02 5.883649485382814553e-05
1.158639786251671779e-02 4.356963898413954706e-01 4.124894455970489204e-01 1.024709452429865414e-01 1.330979677067916506e-02 6.949301013441537339e-04 2.375208896104650733e-02 5.622983636576541019e-09
1.995934689578392165e-18 8.930707382544007600e-09 3.884478872066564770e-07 1.135432110976880565e-04 4.158912349610618259e-02 9.372123035998874974e-02 7.834557001166664227e-04 8.637922498541027450e-01
1.563300723486812815e-06 2.487266000445280227e-03 9.238417974930547560e-02 6.949916137389507975e-01 2.494718874149775417e-02 3.617789107923522710e-03 1.814856418818175665e-01 8.475747934566479327e-05
8.494176238272779095e-04 5.101075694451741305e-02 7.695954879948030403e-01 1.287247753380375004e-01 1.402300198113688419e-03 6.693998439230564729e-03 4.172319492944297908e-02 6.853202817568081742e-08
1.765589331448947918e-01 2.461723302572400018e-01 3.443060650113942689e-01 1.106575093956757017e-01 2.704245903502092499e-02 3.359500113749119832e-02 4.263298587185362920e-02 1.903471614642913284e-02
1.711675831262028573e-08 1.382152252511237387e-03 8.769864854574446408e-03 2.529533047329167728e-01 2.179933416726158590e-01 4.739183933887619049e-01 4.420137126787895138e-02 7.815547139825257221e-04
6.646962966190271903e-12 3.246334956572274677e-05 3.481434535663722627e-04 1.714984559555887342e-02 1.459431507281475256e-03 8.856665172389214247e-01 9.501564213616922605e-02 3.279567122892894154e-04
2.014052267698887805e-11 2.274434452121526845e-05 1.215230337594766464e-03 1.077016677357170854e-01 3.917800826483043390e-03 3.728008154186964601e-02 8.495334412754762532e-01 3.290339181951123962e-04
3.802397882146748020e-11 2.631178103758397580e-05 1.271142984646176512e-05 1.658263650669597813e-02 2.958564120237486272e-01 5.172844619962948531e-01 3.764412770224150745e-02 1.325933385221111094e-01
1.504810849390802452e-01 6.547337515373352623e-01 8.788069694466535409e-02 1.067534623883062139e-01 7.295538960115599233e-05 7.907511999327485917e-06 7.014117538110004198e-05 1.136312859705908909e-10
3.913105420161731851e-03 8.624795053573711678e-01 1.262987373980865857e-01 6.014211717506580401e-03 7.023759055647602056e-04 4.295879298422888241e-04 1.624756368584770927e-04 6.346068308963765313e-10
5.430791167133158098e-02 8.348163563283705901e-01 1.025389666462033778e-01 8.236554356763188534e-03 9.989764705735353501e-05 1.390487200697301411e-07 1.743015531785130815e-07 9.486088199495295287e-16
7.578593239981388230e-01 1.263904810666346135e-01 1.152414723371360250e-01 5.082599528666472940e-04 2.587544041187520590e-07 3.953914366423731642e-09 1.999369051998331760e-07 3.496867903325108079e-18
1.000448235941460567e-01 2.610364467216455542e-01 2.756048196511367565e-01 1.584086518149122047e-01 8.296012962534794755e-02 5.984997067079955019e-02 5.469561422579534427e-02 7.399543696216876430e-03
3.294939993366968745e-02 5.113431099339103003e-01 3.367501967394173068e-01 1.186579214487423345e-01 7.041042909135479912e-05 1.133680984309948437e-04 1.155933484772041675e-04 6.826099530408395361e-11
1.656735561324270353e-06 3.972295593194430374e-02 2.799012476332430818e-02 4.414260722072967380e-01 1.625317467206314481e-01 4.558268339458281665e-02 2.826774131722124550e-01 6.734707444569767109e-05
1.927790486877226279e-06 3.151195304895039635e-03 4.600656094698875971e-04 1.885725849350365912e-01 3.256582907198162236e-01 1.290480489425330224e-02 4.685547673093732879e-01 6.963634366689881597e-04
5.347309768667897305e-03 1.510528422518114255e-01 4.668687894011142592e-01 3.235254382586134625e-01 5.361472919526279819e-05 3.059945755508416965e-02 2.255210738974829446e-02 4.406457645955553286e-07
1.162473823110626858e-02 8.378892554252832803e-02 4.221114409159006098e-02 6.719402411410626552e-01 1.408145599527331308e-02 1.347617942170511451e-01 3.916714684557162651e-02 2.424553935817424285e-03
7.812275051140282756e-02 5.935921049996526477e-01 2.811090971950826536e-02 8.850546709891404795e-02 1.032506871010392957e-01 1.788471524323765856e-03 9.028836559232118752e-02 1.634124345283769625e-02
2.888750527845992608e-02 6.778371574043449144e-01 7.635124710336486931e-02 1.836017617236686827e-01 3.508626812942406033e-04 6.194357339209159241e-05 3.290952142066889963e-02 8.148062450546388199e-10
3.990566888850070014e-03 5.269737243466701138e-01 1.608418646924363316e-01 2.996689856671972407e-01 7.917671642945775870e-03 5.161910549902957827e-04 9.099218605019675915e-05 3.520861058859805089e-09
3.316727507919736695e-02 7.889203796688860626e-01 1.620128773192974492e-01 1.505108250407356969e-02 1.530175058982176340e-04 3.455941343796534500e-06 6.919119617836015689e-04 1.951998494390023145e-11
3.564527590005863006e-08 1.289172624495083137e-02 7.434883642823547634e-04 1.934816119489155273e-01 2.648291259531497799e-01 3.782247642609071203e-01 1.164703396927366102e-01 3.335890788978034677e-02
8.207164524735752545e-03 4.971252877320722630e-01 3.200480259423416629e-01 1.679194208350668349e-01 6.080251602815653572e-04 9.308487819698706535e-04 5.161225477082546399e-03 1.546448697698494818e-09
2.175488869810512626e-07 1.703527388621496885e-01 1.505720226373161441e-01 3.307388815088285750e-01 2.115259614985327274e-01 1.251345054785013566e-01 1.159953395497366306e-02 7.613851081112937911e-05
6.073043956700316937e-01 1.572112342992752210e-01 2.224822744440859423e-01 1.299981718917761486e-02 5.329802690416905598e-07 3.900151869757175295e-08 1.706415640854832707e-06 1.145876934149492923e-15
4.899868602046762722e-02 8.200648944004554908e-01 5.987662333765669115e-02 4.235105490791406940e-02 7.315111231182148954e-03 9.562926109288673348e-05 2.129800035352547027e-02 4.877049711923317324e-10
4.028869096574229335e-12 2.772990843202021902e-05 5.605030640549817610e-04 5.757833570491349695e-02 3.938587478814159493e-02 5.920477637046183128e-01 2.759223552506810395e-01 3.447743757512895107e-02
3.665895533504157100e-05 4.092039672136728312e-02 3.236848724973262481e-01 5.155764639477564693e-01 5.752212347596342978e-02 3.783403632727503491e-02 2.441495157493529106e-02 1.049650004125878873e-05
1.110610177428353920e-14 2.125811328615628259e-06 7.921931738615260225e-06 4.775671682971816684e-03 1.272300715556683344e-02 3.649479481654642199e-01 3.271233309577730730e-01 2.904199942951452007e-01
1.302316816552675782e-01 2.371417189141864224e-01 4.285066343769078911e-01 9.408903097538456883e-02 5.490289806704652664e-02 3.757726142134910907e-02 1.211415519639628610e-02 5.436619393461356552e-03
7.103506619414773349e-02 8.596665229560523924e-01 4.271472131743134920e-02 2.645905031917996503e-02 3.943562447749723756e-06 2.186397883212147224e-07 1.204770103498920914e-04 6.023871142912165714e-13
2.552420179008052079e-17 5.032519066405561613e-09 3.748335494801289911e-08 8.445505539354686308e-05 4.700838207661034028e-04 4.017664499453304887e-03 7.622914707659669276e-01 2.331362833425469350e-01
1.255364816208663006e-07 5.285745574357407668e-03 2.542875592617449033e-03 4.210050849739161438e-01 5.207998319475701243e-02 4.437153207713088326e-02 4.744833626799965787e-01 2.312903707432022139e-04
2.987925499666216345e-01 4.846476682548098158e-01 2.048603541339996947e-01 1.123918061598578114e-02 4.310967732522110753e-04 7.067182041630562921e-07 2.844353644026426128e-05 6.863461529253372596e-13
1.422130087236201084e-04 3.798641293694673404e-01 4.244430460069769512e-02 5.633445738984209639e-01 3.522755354267452423e-03 7.818333050377729992e-03 2.863307805127710860e-03 3.829129170921102528e-07
1.532185272840904354e-02 2.151371811098894138e-01 1.175329030771988664e-01 4.304034940876327875e-01 5.973816741428016747e-02 1.146234581280266701e-01 4.573010903380449188e-02 1.512834420757721426e-03
1.558387643843184513e-25 2.502825873194571555e-15 2.239287776902706575e-13 1.191318460405328574e-08 2.099476752926955244e-07 4.785618996132666127e-05 1.176598459325198942e-04 9.998342621030231747e-01
2.521760859623812679e-12 8.891724297556532277e-06 1.535198898981925131e-03 4.538500184943603660e-02 1.008809150386958580e-03 6.298846383188260178e-01 3.051152060582504322e-01 1.706225399729754955e-02
3.201671943555074902e-04 2.115489358099453127e-02 4.892262391343690786e-01 3.349778333594849999e-01 2.262023029525553341e-02 3.185454995721719723e-02 9.978491016583397599e-02 6.117631248861087284e-05
1.176220292897869057e-01 1.967449665305869566e-01 4.303709578590124707e-01 8.807566991041325399e-02 6.252777202782822119e-02 2.736223818607310537e-02 4.477515039675335901e-02 3.252121579954651148e-02
9.911784469251481988e-02 1.281722007930082008e-01 2.526129982592902334e-01 9.837339745676744462e-02 1.421560340834518432e-01 2.254998871827466542e-02 1.895917943016592888e-01 6.742574169503423587e-02
5.709827244692113578e-03 7.340686331573857970e-01 2.212463387374430657e-01 3.409500094142950410e-02 1.206821633696073546e-03 4.288311252659129865e-05 3.630494276416814086e-03 8.964099609181940927e-10
1.248273158761401954e-05 3.514417118492731834e-02 3.791318659805432145e-01 4.807263996099475634e-01 1.888113476203011343e-02 1.166106525775704832e-02 7.444274990884146292e-02 1.305643649133343459e-07
5.553216187508012767e-12 1.496825481961416667e-05 1.106687995405211461e-03 4.387160160677084503e-02 1.227231742225749211e-01 6.656743715866769717e-01 1.609915652503983718e-01 5.617631077804023307e-03
1.112271824109869849e-02 9.693583859458543284e-02 8.428787178557649584e-01 4.851927928808478369e-02 3.060700850604530679e-04 8.481168619407832292e-05 1.525642195148407105e-04 2.969684760911280410e-11
4.569594655671571463e-05 1.336701465571398517e-01 2.886068891545623960e-01 5.137367140524493614e-01 3.346269877729063282e-03 9.458252512691969066e-03 5.113435858610453771e-02 1.673312765936190329e-06
1.125186261006680842e-13 7.352874401465733588e-06 2.325783487519938721e-05 5.810333860809067941e-02 9.830754700998697859e-02 2.264085069687811202e-01 2.585035831407481721e-01 3.586464135630061945e-01
8.040530816828758698e-02 4.074975765691362661e-01 5.080070139163974652e-01 3.958785943897194168e-03 1.250202481844089701e-04 4.820812573221709441e-06 1.474341496497857570e-06 2.667428085468371241e-14
4.944999180859862565e-16 7.068398033581499966e-09 1.093143127306545929e-07 1.948545482453578864e-04 3.418822458853477313e-05 2.995751053137792400e-02 9.691372585484684388e-01 6.760717645991156689e-04
3.552082801994649130e-05 8.919338965910038330e-02 6.375218749130968643e-01 1.966093509635407355e-01 1.194428129847428278e-02 2.258391501053047361e-03 6.243688153305161637e-02 3.093036630622274309e-07
5.174497175971997731e-04 2.033707301304991943e-01 2.232465423485942568e-01 5.224592202630542470e-01 3.372823174071956989e-03 1.148912501375566782e-02 3.554137783437603948e-02 2.731518051234568796e-06
2.176550396095758982e-02 5.486300289632658478e-01 3.818788204576855083e-01 4.715010002808660977e-02 5.006901106031961222e-04 9.447735142212813621e-06 6.540874162491788432e-05 2.634144713782838199e-12
9.484840252692524102e-05 3.247760495234360278e-01 4.518814179269833864e-01 1.362602027899895152e-01 7.112790860695639150e-02 3.092550477300962976e-03 1.276701225374950351e-02 1.001905794141023527e-08
7.805535725227420279e-14 6.061825514104304634e-06 7.245157537555049635e-05 3.239197238009343654e-03 4.461343518582833179e-01 2.666587990003802533e-01 3.742103452705710254e-03 2.801470350496535477e-01
1.561727658495435788e-08 7.300065237322862430e-03 6.730026300806739303e-02 5.626260429137232982e-02 3.149672226800757646e-01 4.929960790513944757e-01 5.843195468220478694e-02 2.741795432286126596e-03
1.999673705190894546e-04 5.134199933091762036e-01 3.824059238454356746e-02 4.275588127960600060e-01 3.867089713514165489e-04 9.346140634187062200e-04 1.925920936155834165e-02 1.017433727674892340e-07
3.533534778100786290e-05 1.102530058689981385e-01 5.174087456788554196e-01 1.598653365500486145e-01 1.586728644243919073e-01 4.900700287014198020e-02 4.757349008895690734e-03 3.602508873434330568e-07
1.784242561923260548e-17 2.633534280596753636e-08 1.962683718455353779e-06 1.002722617540724665e-03 9.385731900626815769e-03 2.750864490535688822e-01 7.291453691704198603e-02 6.416085704921604682e-01
9.660862769621696492e-05 5.023140301303289368e-01 2.227193764363661066e-01 2.496262236235961551e-01 1.423584866151797988e-02 1.062080454264424136e-02 3.870546367265608649e-04 5.334112335030953076e-08
1.354826391546327305e-07 1.713160945873324790e-03 4.730284361386126284e-03 1.229552407076554554e-01 3.493636321626919592e-03 8.136901234627617052e-01 5.210359649271043697e-02 1.313822225345336438e-03
5.110099456575762657e-05 2.708219937918622811e-01 3.544683760631821556e-01 2.295241922561488124e-01 1.367056079969586335e-01 8.054917836195499975e-03 3.735380094925682716e-04 2.730515943030533389e-07
4.265667587480445805e-07 1.608899953133158950e-02 2.286758248914799729e-02 3.445568539622447246e-01 1.905224492858686872e-03 1.783325642419135090e-02 5.853157185305641885e-01 1.143193800290504686e-02
2.258344326930556015e-06 5.410689061366987657e-03 1.449580328462300449e-01 9.085326483580528911e-02 2.269382868731397440e-01 4.472442247088135314e-01 7.687963377345478910e-02 7.713609556862288663e-03
6.387227491481535513e-02 1.323086373262682691e-01 5.098240780014453577e-01 2.899486562593746597e-01 1.258305440379683581e-05 3.993264542223925730e-05 3.993837483674762649e-03 3.145962724942485823e-10
1.261335773317880148e-03 6.911632131554292791e-01 2.309335254355589784e-01 6.976192162983546607e-02 1.217333600373633968e-03 1.856284092004445712e-05 5.644107534333217199e-03 3.023159833061106941e-11
6.059358717556206442e-04 1.923602206805336556e-01 4.250670772507013084e-01 3.615238943199383659e-01 2.420066013530944825e-03 7.964509860563146609e-03 1.005828982761503183e-02 6.175356191112602022e-09
1.597708126037450660e-01 3.144124485889392417e-01 2.059059723184089585e-01 3.184363026296340160e-01 9.167674382243171582e-05 2.190129102666346747e-05 1.360885823558744250e-03 8.657935413577630888e-13
1.264463551685373809e-13 1.284864941832755951e-06 1.544401746221146251e-05 5.178189241634377146e-03 8.838619603822567283e-03 3.187406404723560627e-01 2.886319934621956254e-02 6.383626224534364457e-01
9.685315730637024736e-03 2.944345348861395206e-01 6.218290292687810306e-01 7.133911285911248568e-02 5.203237234885524322e-04 4.700281725370200375e-05 2.144679107381873822e-03 1.607205397102653966e-09
4.992050018446356034e-03 7.303686328713213972e-03 3.013347658232572602e-03 1.753291544903500809e-01 3.898650971892949624e-01 4.233105108906386888e-02 1.039780510782644940e-01 2.731875621476350657e-01
3.117688336728220328e-10 5.374728588762070188e-04 4.163756377215404973e-03 5.511660880560038250e-02 6.962460758360168311e-01 2.145143688778252400e-01 2.936994317739249905e-02 5.177375530981373790e-05
1.000865262085866489e-06 7.194562400727170029e-03 7.137836638637100328e-02 4.094549719128593446e-01 3.833219043639050916e-02 1.305045704323311018e-01 3.427560959559634579e-01 3.782416100938932376e-04
1.061299698900880899e-05 4.748477088625924214e-02 9.259918015256057497e-03 2.829115275727041579e-01 5.503938219703786716e-01 1.448886917472009921e-02 9.544600954703932882e-02 4.469836652399440766e-06
8.542419460215062106e-06 5.171824443870756682e-02 4.960611422796071257e-02 1.799112163042576318e-01 4.637482365599718825e-01 2.851871066161306215e-02 2.264623365882426909e-01 2.659879978568880946e-05
4.277252186243042774e-10 1.643028714584906971e-04 9.921592588920738476e-04 3.895749012527355976e-02 1.207301605374192649e-02 7.030081437137259970e-01 2.442143295608455722e-01 5.905579883358501357e-04
6.505681707520643143e-11 1.488913569843950421e-04 3.399520573026905065e-04 1.938488507597916494e-02 3.214438312089027815e-03 1.122702475229700320e-01 2.373798533694942148e-01 6.272617322401239370e-01
1.142592893536577442e-11 1.915324447642000332e-04 3.436723796529318124e-04 2.169904069984602418e-02 1.107264867476435988e-01 8.118778765767524774e-01 4.634292082628835296e-02 8.818470313626669901e-03
1.492037787739249467e-04 4.659149864718620804e-01 3.596047849667637908e-01 8.437253757522604480e-02 4.525400647022539968e-02 2.563512649414379473e-03 4.214038154778889517e-02 5.865399453257749816e-07
1.137898398971666156e-02 4.352830427577471517e-01 5.245294027756893795e-01 2.646552545549810467e-02 8.487875166508335959e-04 4.302558429051558361e-05 1.451231897533871535e-03 2.287340238956553383e-11
8.155344976202088581e-08 1.840752267978579618e-02 4.792306725093553599e-02 9.624899795153636639e-02 5.234896670829231047e-01 1.714418193080528008e-01 1.424553628325342380e-01 3.348134078402857346e-05
7.453966171991795446e-05 3.213907146044851088e-02 1.199927828438140526e-01 5.239777457106458147e-01 4.586478968349490259e-02 9.330268674319857833e-03 2.686143483552159150e-01 6.453610341222333929e-06
1.191379775549875547e-04 1.902218260921221538e-01 5.743328081771612581e-01 1.577277460107401330e-01 2.836042622015506193e-02 4.228236740354414727e-03 4.500870765109803856e-02 1.111130813964079251e-06
8.932705136068671559e-01 7.809225947478815044e-02 2.767111805327333168e-02 9.657116274872831188e-04 4.415543807776812775e-08 4.297687558322786919e-08 3.101052697977471238e-07 3.468937642642623833e-16
6.784625494898630649e-01 2.210032695948466186e-01 9.010916617753912672e-02 1.037950389236875180e-02 4.930366435757565888e-07 2.982806081651632595e-06 4.203500249206398236e-05 1.648681022126552251e-13
1.162535001675257740e-06 1.075360444016271871e-01 1.299985195144076275e-02 1.100123954346372973e-01 4.082295171300862613e-01 1.608480824026491673e-01 2.002642500095553335e-01 1.086961350033672542e-04
1.329188962586237742e-03 7.790237087781978209e-01 5.016783632345696992e-02 1.373761191092227330e-01 3.853804482195722757e-03 1.071956572961652157e-04 2.814196656600675972e-02 1.801210373486192038e-07
1.280660286316728566e-09 5.818858477401833663e-04 4.471660443739801654e-04 3.588326743323435458e-02 4.174067709158966744e-01 2.048774036192392133e-03 5.332013169867704239e-01 1.043081745513152470e-02
9.977443578540806657e-01 2.252369925041492783e-03 2.335829853365305744e-06 9.353542460700919944e-07 2.568116193783034103e-12 1.141766278956964581e-13 1.034096225320526710e-09 1.239030736881672138e-21
4.195094656178637516e-06 4.414559014946261017e-01 6.017478776906845864e-04 4.663034576922492347e-01 1.010856655701091768e-02 2.130791870805569352e-04 8.130401173627568867e-02 9.040360414166352673e-06
1.367949326704426795e-05 3.455912591228424424e-02 4.717023002961317490e-01 2.567281062890068855e-01 2.058921465134520845e-02 1.692484081260961781e-01 4.711214958396278685e-02 4.701564790589844332e-05
6.809630876453402098e-06 8.430462505500405102e-02 1.891573723734457091e-01 4.198852905054232254e-01 1.246316055240335591e-01 7.841432206333046051e-02 1.035758206324551012e-01 2.415421543125023099e-05
2.187982262681079648e-01 3.815495151200026802e-01 3.402955571292508030e-01 5.903988949290710220e-02 2.936736017739432358e-05 6.152312959268160095e-06 2.812922996849772359e-04 1.690978609590037228e-11
1.708044443809490816e-13 1.229189978966744669e-05 1.508645242391376495e-06 1.548664526532856842e-02 4.865120428714984069e-01 4.794772555193841934e-01 4.978645498653444350e-04 1.801239124872083472e-02
2.816492364649996263e-02 6.592336270333740700e-01 2.985014399131980523e-01 1.367904527565044596e-02 4.139457589715796844e-04 1.540897919086839838e-06 5.477474184090535139e-06 2.023180982989564139e-13
2.651713024037983340e-13 2.548467892083191585e-06 1.606326133664031153e-05 3.284050015372793480e-03 6.308346652099826590e-01 3.077716541765977420e-01 2.517376987890543663e-02 3.291724898964926843e-02
2.944510640570505755e-19 7.669792441758338608e-10 8.345672005081203169e-08 1.536531199749118623e-05 1.776082521694085509e-03 1.514259276791542763e-01 2.795367041396507632e-04 8.465030035593126279e-01
8.580757329170603210e-06 1.644904383063596626e-02 3.879962818087333010e-01 5.044312436288371782e-01 3.534829620853045373e-03 2.637870657366349694e-02 6.120124378209886723e-02 6.999785457822822164e-08
1.077624957982654536e-01 5.137594719642002428e-01 3.599367714410928176e-01 1.848534993563521328e-02 3.016241201761151301e-05 4.172884184087468975e-07 2.533116018827619270e-05 1.820588793832374275e-13
2.306673633448106109e-01 2.129886279796819326e-01 4.582891562518463108e-02 5.002926678466765864e-01 2.390298513540112734e-05 6.059992169290385628e-07 1.019791619742121264e-02 2.187372703163179115e-11
7.831470760015962805e-04 3.252701459097431802e-02 5.370169829671971908e-03 3.335739190607170945e-01 2.626214415945347658e-01 3.267159350022563191e-01 1.885305108583887530e-04 3.821984233498630645e-02
2.265658246997543507e-02 7.012883913288729953e-01 4.535345753787208521e-03 2.694800713343840637e-01 8.411851730579715351e-05 5.581176172990181929e-06 1.949909415895780592e-03 3.605671241993400821e-12
1.190220728714422652e-03 1.664672920635456854e-01 1.892531553231996400e-01 4.483241120242175137e-01 1.279383236863151051e-02 1.267820164532524989e-03 1.807027752046009850e-01 7.921225547142536261e-07
3.677010158705854210e-09 9.133471874662244319e-03 4.502723373458690276e-05 2.191154322918233976e-01 5.555374466324750592e-03 2.372020546209169332e-03 7.636229465853949794e-01 1.557233248405804596e-04
5.266672695290491920e-07 1.371338329201823858e-02 9.235060536100557493e-02 1.719356574566585916e-01 2.594909842065180605e-01 1.981734138293605729e-01 2.640395734185974619e-01 2.958557685722589827e-04
2.203048826812498938e-07 4.500474216671101167e-03 2.825702770636373540e-02 4.009875274698183056e-01 1.930121548317185742e-01 3.142768226421225886e-01 5.881118341281244000e-02 1.545894156109343194e-04
9.999670171626164894e-01 3.286066662844464568e-05 1.220741981749819608e-07 9.655462398202766496e-11 1.341381186400499869e-16 9.817265825213097340e-20 2.599483010390260178e-15 5.443923664543040681e-31
9.804698084486747067e-01 1.598633551162350133e-02 3.528667618585182297e-03 1.502532714203697335e-05 2.179703558920796550e-10 1.498138034968084817e-07 1.306219922402766159e-08 2.212701590088811965e-20
6.685654126319701904e-16 5.833283778760736026e-08 1.202636115659508456e-05 4.085237155117824644e-04 2.051394036932803477e-02 6.846537243423236330e-01 1.427923255302209274e-02 2.801324943258193811e-01
2.386470736221489933e-03 1.226970842992693156e-01 9.560051389928994614e-02 7.032874963789594869e-01 8.111676965938417532e-04 5.213247763716954974e-02 2.308438451093256655e-02 4.048415643175092147e-07
6.598812773523660220e-06 1.763635172681370794e-02 4.052606539437630939e-01 3.682703675765013340e-01 2.787039473938026160e-02 5.518558928929828689e-02 1.257653860545772939e-01 4.657856892523942204e-06
6.980508029926397408e-14 3.982914572538424265e-07 6.251565816085098096e-05 5.485855101940925738e-04 2.440198332774596093e-02 5.127648116957199687e-01 9.831073005499978146e-03 4.523906325111518023e-01
6.210224119956866354e-04 3.103628497429615218e-01 4.578159277073504119e-01 1.957365927216735413e-01 2.420813971100215997e-02 1.599986181985250076e-03 9.655376899087790565e-03 1.046239437418130482e-07
1.818824943313000209e-01 1.858257359248653429e-01 5.284788995862935157e-02 1.447274453777173953e-01 1.913935600007305241e-02 2.583632999720503198e-01 4.408180454367450346e-02 1.131319738916898993e-01
9.598535532752174188e-13 7.048942072699748013e-06 4.273261456252541051e-04 1.300507169200602713e-02 3.793146723225587075e-02 3.502894696371202099e-01 5.821385990659505572e-01 1.620101728400881111e-02
8.991654179732064267e-02 7.947361965963715136e-01 4.962062872070249764e-02 6.549872357444563864e-02 1.420506694175224783e-06 6.776084527057485269e-07 2.258111951010579189e-04 9.116905524381688163e-13
1.372719781393976543e-07 1.522708618045642837e-02 1.035499187290909485e-02 9.046774909490645777e-01 2.181283463723409505e-02 1.500409016408049863e-02 3.292225222964506592e-02 1.116694632626047818e-06
1.968002052867501230e-04 4.563290141759240859e-02 4.345180813362444633e-02 8.542723624728661980e-01 1.788764225839308344e-02 9.029777842914143982e-03 2.948143453565293948e-02 4.727313367195142344e-05
2.374201947754058309e-02 5.573519454687546337e-02 5.127663970205900180e-03 5.992077535740962801e-01 3.513310155396520695e-02 1.474324439155667854e-01 1.320402140347312347e-01 1.581608927018546100e-03
