1.525929129141486438e-03 3.369963969294780815e-01 3.523865126297497929e-01 2.501501228878728611e-01 1.008558833027036437e-02 1.884902587257331671e-03 4.697039473191258474e-02 1.527743183720478442e-07
1.127311141839537484e-01 1.592038809754287021e-01 1.269229811226170734e-01 1.438438785484617011e-01 1.124999153773273974e-01 1.327530315284107809e-01 1.016637889257227395e-01 1.103814093380780653e-01
5.017819001614465257e-03 4.036189462164141428e-01 3.727906641235279039e-01 1.986032262516380653e-01 6.688473764479521688e-03 6.012055437745693733e-04 1.267964619570511632e-02 1.890284602562935861e-08
4.696137623477928093e-07 1.871397258748174267e-02 2.309043175788773675e-02 1.313954566434344939e-01 4.871327822369102001e-01 2.211760481525123223e-01 1.148970814123193990e-01 3.593757595691692529e-03
2.375849019634842913e-15 6.162959648503437908e-08 1.735774857484399853e-06 2.198373822464112705e-04 1.349611579940242050e-02 2.149117661182580186e-01 2.910262278085360907e-02 7.422678605147833286e-01
6.991087265072358359e-06 1.372001896628346866e-02 6.362020685250659169e-02 2.001452839260556282e-01 4.993231238014752757e-03 1.276144092521961509e-02 7.046556117782717399e-01 9.721522638231359437e-05
6.322890584338400881e-07 7.081994238157008313e-03 4.137373804398406657e-02 8.302586071358525333e-02 3.223021987206917682e-01 3.382735826706322335e-01 2.047721762123316525e-01 3.169817111553192585e-03
6.171759419211871878e-01 3.095007079915282344e-01 5.417337843685200716e-02 1.904818629878018629e-02 9.467751695731965229e-07 2.587437248741780643e-06 9.825113775864458465e-05 1.475140253126898878e-12
1.296496016981829158e-08 4.409110609025266789e-03 1.824759206770030368e-02 1.030701933216987554e-01 6.792842708517302652e-01 1.655648951938585578e-01 2.907250871412842691e-02 3.514162768820098441e-04
2.627343903245605319e-12 4.077443987718058336e-06 8.293833466275842719e-05 5.708191845746184503e-03 4.534639298971410160e-02 3.794253530911883554e-01 3.450591747845724311e-01 2.243738715074994061e-01
7.096641717431610786e-11 6.654895794598389013e-05 4.821601236681157107e-04 1.126978631278209055e-02 1.347072680312095261e-01 5.239405287089423657e-01 2.392072104093272977e-01 9.032649738515728666e-02
2.316115515024671232e-04 1.101161675252909089e-01 3.317641870383328251e-01 4.501124486810849645e-01 9.886177600704353780e-03 5.849881558115799587e-03 9.203909846594414412e-02 4.275790223038107274e-07
1.114062990558189331e-01 1.601521310904363837e-01 1.348932446901456583e-01 1.345105006225685851e-01 1.130703894375735263e-01 1.276084244083253993e-01 1.057676460087448589e-01 1.125913646863865164e-01
1.373511190564912362e-08 5.406120460925747375e-04 5.157975151367524824e-03 1.428826880260507422e-02 3.396721176086827110e-01 4.177063911788168049e-01 1.748528586526530704e-01 4.778176282467128111e-02
3.000697102605592729e-04 2.368447386928372866e-01 2.203519549530150445e-01 3.530791677419257146e-01 4.390918981682698924e-02 1.793568172100754032e-02 1.275291211575761974e-01 5.007620655080695507e-05
5.931889992988301913e-02 6.148268643440191195e-01 2.163359694759618423e-01 1.086903247162580993e-01 2.433151422881831591e-04 1.512638216143884543e-04 4.333622526366651844e-04 3.173386536781037743e-10
3.525392995277020388e-20 2.705075994076015397e-11 6.964819325438693518e-10 2.231540970792015465e-07 7.157653994928705760e-04 2.019636613859859472e-02 2.062679711629569876e-04 9.788813766131142513e-01
4.744384244461068434e-01 3.684414952022319056e-01 1.330430882515676316e-01 2.392680224908129080e-02 1.454314416222619807e-05 9.695690867223197194e-07 1.346771355227876111e-04 2.240673984500130820e-12
2.345468659091332619e-01 5.128070353025978578e-01 2.105864542690480123e-01 4.173473426237482575e-02 2.680507915986152538e-04 7.605245452227693220e-06 4.925420062703106747e-05 1.916808657416778341e-11
1.114064393127546931e-01 1.601363183389480638e-01 1.348924853456704709e-01 1.345188626063683335e-01 1.130659061110690783e-01 1.276143259566900889e-01 1.057715238933644858e-01 1.125941384351349106e-01
1.098319867997151642e-06 2.207601429605422078e-02 3.601715391498162139e-02 2.054298626044311626e-01 1.970335204620548009e-01 1.684853514000625163e-01 3.676104937731283218e-01 3.346505229421282371e-03
2.330000084891133330e-22 1.861862222447612624e-12 3.660546020758805726e-11 1.823755111720731726e-08 3.349568695312508449e-04 6.386195251749606297e-03 5.606691429709676064e-05 9.932227626884021499e-01
1.176623395002914241e-01 1.579477633522728408e-01 1.250589803383325704e-01 1.428717507827555466e-01 1.066935031942328610e-01 1.303837331158906321e-01 1.069086619925300463e-01 1.124732677236944395e-01
9.994514478252287670e-01 4.625752410484424457e-04 8.572245743232631456e-05 2.541846620934013048e-07 1.357938613004426465e-12 6.358252857497520812e-15 2.902644273369528408e-10 1.436210843699406076e-23
3.070275077334860326e-04 2.123387105975409750e-01 3.909042941919925740e-01 3.576344014699347484e-01 1.178825445511979056e-02 3.444135320514808349e-03 2.358310676279313373e-02 6.969436920831071056e-08
5.229837089593342148e-02 5.313773397921933705e-01 3.056174941698630576e-01 1.041644425065682417e-01 5.320803443650024304e-04 5.740308747711161984e-05 5.952866124608283127e-03 3.078991265920370867e-09
1.128970810194678291e-08 2.034309249161195352e-03 2.506412270812826987e-03 2.379620590227355531e-02 3.299053654653918422e-01 4.287066709607265658e-01 1.870032729709614761e-01 2.604775189096514981e-02
1.168385845768897535e-01 1.547436865176504972e-01 1.313820901009855879e-01 1.388858120635655391e-01 1.059326703379124129e-01 1.319346963892794045e-01 1.080516327729668519e-01 1.122308272407503693e-01
1.149969557302825342e-04 1.584226390061774792e-01 2.121336568887940144e-01 4.074579728724641026e-01 5.129326159443655525e-02 1.407737530377977525e-02 1.564955462289761567e-01 4.551149630133142747e-06
8.238993127486816254e-03 4.175742583051398893e-01 3.630149461612247053e-01 1.907278147274012181e-01 4.086486793320276076e-03 3.640816161206574626e-04 1.599340737756946643e-02 1.189173699363483402e-08
1.052027639185865344e-02 2.437026020504928225e-01 3.366814492018403993e-01 3.443357606250746494e-01 8.283313943550417533e-04 3.431783982203915739e-03 6.049963317722606426e-02 1.631769510960991571e-07
1.214371559678369322e-05 5.972676079967569746e-02 2.020442582271824439e-01 3.946887736187843498e-01 5.291134502744847257e-02 2.531907361700429931e-02 2.652904451607350222e-01 7.199833574481653538e-06
9.516991579150176203e-04 2.578103728121066140e-01 3.479463360448221687e-01 3.141086828874060655e-01 1.500593832284701813e-02 3.292550867594736062e-03 6.088406107390175598e-02 3.588334061100955540e-07
1.107175074841055817e-01 1.673097587266241804e-01 1.323396234180426179e-01 1.430851369201897594e-01 1.100507065117720534e-01 1.270691293855258364e-01 9.958521791748341234e-02 1.098429196362567944e-01
3.885135867529172915e-28 2.838922823690791625e-16 8.193972667051596806e-14 1.027926975957133637e-10 4.043510937955463844e-06 1.347200662146643779e-04 9.637296718234216248e-07 9.998602725903018573e-01
2.082660844025996723e-13 8.741062004323724841e-06 1.953238896797739033e-04 6.417170061736811662e-03 3.655137077625933983e-01 5.020764528796214377e-01 4.753787876703425425e-02 7.825072557711797161e-02
1.105326849967632058e-01 1.546510311801618798e-01 1.378930420509584809e-01 1.379876443902752770e-01 1.112663836222755054e-01 1.377855020659689012e-01 9.870321502599212204e-02 1.111804966676043088e-01
4.185523516772735736e-02 5.171388440003394926e-01 3.184768699222767507e-01 1.186251933980454892e-01 2.468128677535473027e-03 1.810357580219500227e-04 1.254691240006165602e-03 1.836046411129466340e-09
6.249209194773946529e-12 3.071895665141878042e-05 5.590865372583460812e-04 1.136253893044505796e-02 2.297407176229792347e-01 5.871918545045575755e-01 1.159715192491597852e-01 5.514356419270161069e-02
7.346144776431019461e-09 1.083850396939367361e-03 5.793146245130444474e-03 9.689870723516869067e-02 2.829819030122020518e-01 3.458094945995828784e-01 2.614836014068144254e-01 5.949289758016661558e-03
1.910899105107996352e-15 1.885706272453627124e-08 2.163230997818790320e-06 1.758962350849669191e-05 5.017936295105400457e-02 9.102217317303933075e-02 7.658219389457579865e-03 8.511204727748796772e-01
1.176623395002914241e-01 1.579477633522728408e-01 1.250589803383325704e-01 1.428717507827555466e-01 1.066935031942328610e-01 1.303837331158906321e-01 1.069086619925300463e-01 1.124732677236944395e-01
9.499569192898321690e-03 4.001975541491470389e-01 3.256189168869820794e-01 2.374921378789376369e-01 3.718438591148491394e-03 1.032605274484396825e-03 2.244072140718950462e-02 5.661921327397508058e-08
4.343722922994296826e-02 4.726217529769574655e-01 3.311391639220335192e-01 1.432245366048107704e-01 3.026588616461849319e-04 9.306753085760778599e-05 9.181570213823821505e-03 2.065992768990200357e-08
2.104354064160886793e-03 5.474282779925896403e-01 2.464657107531575686e-01 1.878588273507765527e-01 9.375431960375490981e-03 1.029440080061423375e-03 5.737779234310002099e-03 1.785645743596596931e-07
3.052443362334943444e-09 1.501911280058426191e-03 1.363519523941878267e-03 1.410795470274464787e-02 6.427193404561879486e-01 3.045275395427106679e-01 2.943170621287448385e-02 6.348025229032300265e-03
5.494914396432683088e-14 6.490282613557962694e-07 2.980349913761214131e-05 1.512419629321731969e-03 4.955553167924379998e-02 4.472002288656762858e-01 1.090006002627250115e-01 3.927007670355780466e-01
1.867841012381462884e-01 4.356490963132091387e-01 2.940915459061817505e-01 8.206521229381814886e-02 1.170940409234279365e-04 1.880400714772413912e-05 1.274146123465197573e-03 7.710853589737985753e-11
7.559653213151623067e-15 1.450010082989211218e-07 8.217971699362487184e-07 4.342047763661054831e-05 2.752088179810164084e-02 1.315799771775842120e-01 1.958991768348680371e-02 8.212648360650048884e-01
2.178056803689847493e-05 9.711165453364549449e-02 2.196260648879922173e-01 3.885716183571545912e-01 1.210347611968776993e-01 4.935459953670060657e-02 1.242569253818326669e-01 2.259553776031368900e-05
1.120291262566226577e-08 2.048356908228050367e-03 3.997301720115795966e-03 3.854748077828808878e-02 3.748360006686439205e-01 4.036445354324587620e-01 1.684773102268117828e-01 8.449003062542165959e-03
1.168385845768897535e-01 1.547436865176504972e-01 1.313820901009855879e-01 1.388858120635655391e-01 1.059326703379124129e-01 1.319346963892794045e-01 1.080516327729668519e-01 1.122308272407503693e-01
4.045183179905144089e-01 4.257210077296340045e-01 1.424200260559436992e-01 2.719670203218062243e-02 3.270724105511650469e-05 1.575843637045257413e-06 1.096631031458212809e-04 3.888891991146265796e-12
2.672152281636387359e-09 2.175427318116761300e-04 2.318206879293332329e-03 6.802644030880948892e-03 3.530746523336651399e-01 4.241453956197952513e-01 1.198660336170545709e-01 9.357552211534672648e-02
1.130001496149381363e-01 4.653781404489783502e-01 3.186997072063352254e-01 1.017698516307966317e-01 1.098110195709379788e-04 1.155134986613986048e-05 1.030788684496190344e-03 4.502180514832285255e-11
4.865321603090502692e-10 4.394401171653889706e-04 1.808925938274221412e-03 1.954999355377595727e-02 3.782905422333723289e-01 4.390202130915257794e-01 1.414140309728678935e-01 1.947685360648541975e-02
8.674696167691390361e-13 5.349213659094555200e-06 3.663869156863179202e-05 1.531236313752169266e-03 7.223519094863267709e-02 4.522027916723286300e-01 1.789408429732775863e-01 2.950479501859105680e-01
1.539953005843783945e-02 5.090479382897714622e-01 2.803804143617354416e-01 1.878161249250357712e-01 1.164275399736732419e-03 1.216637589914422663e-03 4.975058583912446257e-03 2.079146121394854034e-08
5.855740914704026637e-10 3.324618461923462015e-05 6.853812388720497339e-04 8.140715364426759360e-03 3.021789628224520567e-03 3.581112989550389036e-02 9.512490030246757433e-01 1.058734078105065361e-03
5.716274845624507578e-02 6.068381899876917895e-01 2.855110985726731498e-01 4.951051692803438986e-02 6.570995506986405162e-04 1.714565364734468492e-05 3.032008077183847954e-04 4.328833663216396428e-11
8.738272562848886649e-02 5.554131995977420466e-01 2.788291303104749597e-01 7.482754306895615659e-02 1.794184506211441950e-04 1.616818263274695701e-05 3.351814687927734144e-03 7.315620470562029716e-11
1.616953804053259120e-20 2.105689027893281822e-12 4.906739524116178203e-10 6.421265807095374556e-09 1.019689111302591981e-03 1.349057526947505673e-03 4.005072157638989817e-05 9.975911957261304197e-01
7.835234926573869446e-04 1.273622466661227803e-01 3.487385031450981332e-01 4.225219482803896920e-01 3.631596084777835316e-03 1.359431503783905051e-02 8.336707748490904124e-02 7.898082067970219583e-07
3.076155831635749401e-05 1.024280240568679751e-01 2.240844521023390434e-01 4.117441099395474091e-01 9.000602177911409818e-02 4.284559266549375217e-02 1.288442068138020147e-01 1.683108451857307417e-05
1.437312367204086726e-08 4.488455367361685044e-03 3.702978697320378522e-03 3.397168016388082273e-02 6.559768124989210358e-01 2.609437747274476194e-01 3.258842481687428128e-02 8.327859355069746131e-03
9.344754324259326728e-01 4.931488098669917219e-02 1.531761280743239306e-02 8.865787872593276688e-04 4.036424954348814236e-08 1.554613868707892747e-09 5.453073811081802537e-06 1.690856576699539736e-15
1.344800788416320688e-09 1.189561499648652914e-04 2.973220005271064344e-03 1.077460912391626190e-02 2.802851234371407374e-01 4.776994547755689657e-01 1.841150518905365074e-01 4.403358327279791040e-02
1.523638190982775985e-14 4.784310015267439105e-07 3.909982597903201522e-06 2.715111166426963118e-04 3.397798419894373229e-02 2.941180837257271752e-01 7.004350634114053786e-02 6.015845262039303254e-01
1.393886210979812406e-14 3.646614382723620804e-07 3.749020770834646550e-06 2.374808780005693669e-04 3.830537413913841227e-02 2.909196959453040354e-01 1.062652798948959670e-01 5.642680554604386778e-01
6.281855479545783471e-07 2.775491992690963527e-02 4.936435392048834497e-02 3.198247765921793384e-01 3.099536967973824386e-01 1.186137727934636343e-01 1.743225515249459123e-01 1.653002590818643128e-04
9.969801957000322491e-08 5.264730031565711434e-03 3.014639395130565280e-02 1.625794882565839705e-01 2.179589237543052560e-01 2.156323239567951300e-01 3.671818755710305471e-01 1.236164780393753842e-03
9.833102126459898628e-05 1.405663888293478825e-01 1.903230992977724134e-01 3.841849848669294798e-01 1.283944128010304497e-01 3.200915460658566858e-02 1.243994284354542068e-01 2.420014161531885925e-05
9.366386876326736160e-13 5.433541254010035313e-06 2.422204322340836571e-05 1.151521342116292512e-03 1.724766668000119740e-01 4.632195895737448721e-01 2.329980258560535381e-02 3.398227641131058019e-01
1.237573278791068293e-01 7.492910100598256795e-01 1.155286550978171511e-01 1.127942458595944906e-02 1.399232480695962184e-04 1.304294608031455708e-06 2.354834530955217258e-06 8.126966046024740416e-14
4.900146664222670111e-03 4.028728292840131342e-01 3.781374836358226688e-01 2.065419299796648067e-01 1.883718211291377995e-03 2.690118105940022294e-04 5.394876569474010321e-03 3.844916435639763753e-09
4.063503432094991291e-02 5.594129648061131332e-01 3.152432415266979704e-01 7.964876746263196972e-02 6.236039462398752179e-04 4.016434743967738747e-05 4.396223199857362748e-03 3.900709731610660655e-10
1.176623395002914241e-01 1.579477633522728408e-01 1.250589803383325704e-01 1.428717507827555466e-01 1.066935031942328610e-01 1.303837331158906321e-01 1.069086619925300463e-01 1.124732677236944395e-01
1.637485949346711208e-09 8.476786788932149036e-04 5.676865389384327422e-03 5.192460694115572789e-02 3.078834956510919096e-01 3.951604853265685557e-01 2.259341998322565437e-01 1.257266654316441766e-02
1.105326849967632058e-01 1.546510311801618798e-01 1.378930420509584809e-01 1.379876443902752770e-01 1.112663836222755054e-01 1.377855020659689012e-01 9.870321502599212204e-02 1.111804966676043088e-01
2.514477193958775244e-04 9.238483621775858690e-02 2.600488670362577914e-01 3.613769050680128991e-01 7.690567907838791184e-02 8.127669395349590431e-02 1.276878176833830814e-01 6.775324330799124036e-05
4.257872767873953877e-03 3.533699546919125689e-01 3.625651988221845756e-01 2.489803053394580579e-01 2.856803416433593545e-03 7.682302273028748275e-04 2.720158548652467853e-02 4.924831197369759431e-08
1.144986646941111838e-17 1.044964840307912493e-08 5.151794310181080279e-08 2.725147618788618790e-05 5.765017347113302049e-02 1.609490492224478486e-01 3.504741546611958298e-04 7.810229897079835615e-01
5.538174237358163022e-06 4.865550365312307918e-02 8.008154982471736572e-02 3.594151969794583401e-01 2.630888337066423222e-01 8.643549382620356603e-02 1.620905034505861764e-01 2.273803850057496746e-04
7.030981143349697513e-04 9.213847142597471340e-02 2.964589128889197345e-01 3.937557981921447348e-01 7.448442388663864544e-03 2.189690646325671494e-02 1.875930334723985571e-01 5.337054306519730263e-06
1.168385845768897535e-01 1.547436865176504972e-01 1.313820901009855879e-01 1.388858120635655391e-01 1.059326703379124129e-01 1.319346963892794045e-01 1.080516327729668519e-01 1.122308272407503693e-01
2.544756187049686135e-08 2.576557047172856052e-03 5.984986422813063506e-03 8.539599230972738653e-02 4.300312433814409419e-01 3.114684336259600506e-01 1.586403557528545394e-01 5.902406012468866016e-03
9.246894944974697744e-11 9.297376125193310516e-05 3.400750928603798258e-04 9.020298417297758359e-03 2.643420635197168411e-01 5.363900468575443226e-01 9.252728503895536749e-02 9.728725721990411079e-02
5.640294861109083670e-10 8.342282373467553775e-05 2.362182341831324528e-03 2.209368221224213696e-02 5.401535705258789580e-03 4.320157766131679095e-02 9.261556242050168475e-01 7.019744865670727229e-04
2.268957845921488566e-10 1.273474102854742814e-04 5.253431323663452623e-04 1.802725428922471659e-02 2.492204165429436902e-01 4.910157994686832894e-01 1.648643109594568890e-01 7.621952797014375225e-02
2.131225050223636286e-01 4.549474011493112591e-01 2.864885745415181040e-01 4.475492674668866966e-02 1.419334532714675717e-04 6.951837395734423621e-06 5.377072266436175091e-04 2.280684572016261936e-11
2.799982928962921683e-03 5.293758830635797441e-01 2.803035267577121958e-01 1.642771630210149714e-01 1.667872892253077777e-02 4.449378002040085475e-03 2.115196826731044477e-03 1.404774265781983528e-07
3.834470756057239971e-01 5.301298930596427539e-01 8.245572132091305573e-02 3.932811632654741561e-03 3.356909031177698785e-05 1.035450151811850920e-07 8.257457270690045485e-07 1.045243020805978407e-14
7.598715605247637894e-01 1.560806855194313558e-01 8.153051910013865700e-02 2.499253154091963039e-03 5.170171278467758338e-07 9.043087897248339229e-09 1.745564135756265793e-05 7.736617743330065763e-16
1.176623395002914241e-01 1.579477633522728408e-01 1.250589803383325704e-01 1.428717507827555466e-01 1.066935031942328610e-01 1.303837331158906321e-01 1.069086619925300463e-01 1.124732677236944395e-01
6.311838699965519051e-02 5.353085049581364219e-01 3.006151311578312280e-01 9.921785984843613238e-02 1.217810275041725449e-03 6.503135364314713653e-05 4.572751914018815828e-04 2.158538096226023080e-10
2.594390192641668632e-06 2.478523041031220966e-02 5.183722353583412878e-02 2.175309528102224443e-01 2.347067739812797593e-01 1.613865172039668505e-01 3.092177281251046739e-01 5.329795430871178599e-04
6.134564649654434426e-05 6.855805891701187427e-02 1.976179417187398368e-01 2.994809935174227999e-01 8.434955529468737834e-02 1.318857144814724047e-01 2.178694023407075908e-01 1.769880834605212295e-04
6.112118339029887215e-03 2.428320514303145272e-01 3.440130563777702988e-01 3.399314463712652667e-01 1.071061220552592787e-03 4.871673088662788892e-03 6.116835514520443245e-02 2.380271997230858998e-07
1.176623395002914241e-01 1.579477633522728408e-01 1.250589803383325704e-01 1.428717507827555466e-01 1.066935031942328610e-01 1.303837331158906321e-01 1.069086619925300463e-01 1.124732677236944395e-01
1.098049566495407497e-01 1.587287219375934366e-01 1.321558017577852961e-01 1.312703739554027249e-01 1.062281189100878487e-01 1.409157362092754162e-01 1.053739452937098586e-01 1.155223452866048217e-01
1.390007382037801616e-02 4.097796628072853387e-01 3.674113810385340462e-01 1.952631750297220414e-01 3.713045020202768599e-03 3.869000989993295393e-04 9.545749101342943660e-03 1.308353486909109331e-08
4.929523482792170716e-03 4.880372175759423170e-01 3.275217586472343179e-01 1.645881724250725375e-01 1.349447259039317747e-02 3.577853125219606256e-04 1.071066275851653444e-03 3.690190705185431756e-09
7.208494607818163868e-02 5.311105579791101095e-01 2.873077203938413371e-01 1.070939649350984846e-01 4.327650257924624527e-04 4.313230840266316172e-05 1.926912631855304866e-03 6.477175767010377503e-10
4.185055082987711007e-06 1.663342404223649637e-02 9.506140095796344891e-02 1.746496962811114051e-01 2.674774628002838384e-01 2.666703130805612720e-01 1.785871027450117443e-01 9.164150377486563739e-04
3.941607816087138588e-03 3.922736841340514480e-01 3.638302051035414153e-01 2.116781177657328095e-01 8.845389408667790956e-03 8.399036851445522292e-04 1.859105677629148065e-02 3.531048410537574787e-08
2.353535011906409584e-06 6.109342781222342617e-02 3.297905983698863619e-02 1.076605085912497456e-01 6.966817206105202498e-01 8.864155988850357104e-02 1.287971408583168942e-02 6.165563967179412232e-05
7.544191810294735845e-01 1.724603985092263980e-01 6.787684743259347897e-02 5.235813986997234562e-03 5.187949958061580649e-07 2.490314419943141030e-08 7.215343525917661517e-06 4.516494555283064238e-14
2.150751918137083080e-02 4.456963337862526187e-01 3.336295727069065742e-01 1.866603328822795393e-01 1.926020209182523592e-03 3.984475357725715604e-04 1.018176256203849606e-02 1.113619746007597522e-08
1.317952210840548115e-10 4.872717487197324166e-05 5.199967558905192310e-04 1.078738378109438470e-02 5.163119749316052998e-02 3.480797503107561641e-01 5.103563532642279021e-01 7.857659108820357063e-02
1.162335640754214800e-05 4.918813152172319542e-02 9.170035076436910959e-02 3.592020236040144865e-01 2.190809025454756864e-01 8.704680392205867145e-02 1.935909991425068810e-01 1.791651434452155953e-04
1.809318667871404789e-13 1.786512567773215212e-06 1.544219969305550669e-05 6.845340235668761954e-04 6.031371706993477605e-02 3.784911717813118082e-01 1.816955586317095528e-01 3.787977897810329564e-01
1.113332649396050755e-01 1.594987120309820094e-01 1.358549773903328928e-01 1.440640217997958272e-01 1.194902000242728662e-01 1.330063601869887757e-01 9.211215105205453058e-02 1.046403125759678698e-01
3.656010996620368547e-01 3.817520201043557715e-01 2.123379196832026194e-01 3.883203509271126314e-02 1.120372162012178053e-05 1.583308726227207951e-06 1.464138405054463956e-03 2.229243715884804834e-11
1.275576279385679393e-16 4.169681774265432354e-09 1.318762763031963214e-07 1.592589393308143562e-05 1.856693536266174017e-03 7.678059009105109300e-02 1.710328162145809128e-02 9.042433728113317137e-01
1.014310658439639160e-05 2.329296026243635534e-02 8.960417152840446930e-02 2.755526751544613573e-01 2.788956337140448272e-02 3.204071485942894260e-02 5.515109808692920668e-01 9.879084798774430821e-05
3.389440284272869364e-01 4.964579229091077850e-01 1.382356858295232249e-01 2.623241978342776351e-02 7.791606384755936441e-05 2.099551406936233029e-06 4.992743068423379193e-05 4.715456456601424086e-12
9.390461303679549510e-04 3.933715285791151706e-01 2.401096796989467264e-01 3.138618897938591501e-01 2.687246280104475457e-02 3.041022644092369713e-03 2.180364061853527768e-02 7.297340395875054377e-07
1.115436166764009612e-01 1.539517792163726251e-01 1.355825757155739719e-01 1.437199170293834982e-01 1.095497162339472558e-01 1.366253438444804680e-01 1.017992436222560082e-01 1.072278076615851561e-01
2.319044741699430287e-24 2.792779476054327598e-14 2.305071620884977715e-12 7.075551540168994932e-09 5.750150569023111468e-06 1.405741061252331614e-03 9.896228516555576602e-05 9.984895394251337430e-01
2.235936077791904223e-12 1.783306871262797455e-05 7.237466204800891215e-04 1.918315967341508235e-02 8.737140300814574823e-02 4.665704463422362114e-01 3.981491263700794869e-01 2.798428491469611562e-02
9.067355367306514989e-05 1.291515957648210755e-01 1.653662523472357038e-01 3.945265007423032211e-01 7.712031976188338245e-02 3.874308942459305655e-02 1.948167652768272307e-01 1.848031286631921194e-04
1.134242844465529892e-01 1.541883268811090335e-01 1.320056226156581802e-01 1.375805130410287791e-01 1.140863529492310291e-01 1.258772132027373425e-01 1.089133200268181251e-01 1.139243668368647017e-01
1.134242844465529892e-01 1.541883268811090335e-01 1.320056226156581802e-01 1.375805130410287791e-01 1.140863529492310291e-01 1.258772132027373425e-01 1.089133200268181251e-01 1.139243668368647017e-01
1.163184573823067974e-02 4.383372230485946264e-01 3.300450445086147711e-01 2.070282684800986428e-01 3.417533174152285851e-03 4.793942592910432920e-04 9.060662909554959704e-03 2.788146331900981197e-08
3.189415463359631585e-05 1.110318556072607959e-01 1.789087485938579969e-01 4.478803268032648943e-01 1.785217541157028132e-01 2.305323657772266957e-02 6.056692638013071867e-02 5.257767428066471636e-06
1.183783182975844301e-11 2.303398340362872298e-05 2.788017783653883269e-04 1.451394579805820317e-02 8.596284031761664002e-02 4.690559905909786331e-01 3.666921830741344257e-01 6.347320444560188013e-02
4.140117960333957771e-03 4.164061245442846060e-01 3.966109271937474645e-01 1.764486212067139514e-01 2.891745769505271822e-03 4.079654360289984311e-04 3.094496291725360414e-03 1.597660379396178294e-09
7.082970593477876282e-04 2.379471303594463127e-01 2.318431250132784172e-01 3.612842638520990524e-01 1.964769950372925386e-02 7.807503718734062209e-03 1.407531110735587565e-01 8.869419806259234651e-06
8.114615241711588966e-12 2.679326908060547974e-05 3.622360102573420060e-04 1.470717400727084533e-02 6.403331259578372292e-02 4.046810520861541804e-01 4.706124560161735193e-01 4.557697600716562047e-02
3.663982176745455427e-02 6.788283353857794689e-01 2.322067267673421087e-01 5.147058626572861145e-02 5.807412379396873370e-04 8.443994874431711307e-06 2.653445714497014549e-04 9.429973023647496473e-12
4.967143634732393122e-14 9.810518602325160075e-08 8.871157641971366215e-06 4.254097028040162293e-04 8.050355864576058456e-04 9.014641397748274221e-02 7.629894606473527352e-01 1.456247108230357690e-01
5.186060330828064067e-05 8.050888999851522898e-02 2.494735333078848538e-01 3.894160070081114644e-01 1.828194575532654173e-02 1.333991865887868694e-02 2.489226515189885969e-01 5.193148985158116079e-06
6.019990816177656946e-03 3.712809818993396127e-01 3.225158743334878841e-01 2.671024140120127344e-01 3.641981550771337690e-03 1.067890316059065797e-03 2.837023600831656972e-02 6.310638347547986549e-07
1.666158678879109123e-01 5.557791898696718969e-01 2.450841084185188257e-01 3.195462271517827274e-02 4.247242116792997613e-04 7.727205352697271844e-06 1.337596684118161621e-04 2.327649905378276427e-11
2.684272951546912795e-04 2.798280358321112993e-01 2.745737939107783521e-01 3.678168965085701347e-01 3.292637916858431879e-02 3.993438640271641457e-03 4.059272513072545441e-02 3.035138053543635205e-07
5.828965756781163575e-13 5.581325769292872674e-06 1.477255471133198139e-05 7.689721131404065853e-04 3.324568629746774695e-01 4.089154865353228918e-01 6.079850267129083101e-03 2.517584742286653188e-01
2.645033768661335107e-08 1.036141522292437136e-03 1.218472610821151776e-02 3.110053523908464651e-02 2.623366218329770683e-01 4.276480036980415123e-01 2.532488627058950281e-01 1.244508244316120706e-02
2.073607746960728394e-03 2.995722122793073039e-01 2.876119703365551117e-01 3.299089617651490003e-01 1.235526706763404731e-02 5.078353071148507085e-03 6.339879358967417944e-02 8.341435716062470637e-07
1.385668588051288465e-05 6.362335773551516804e-02 1.474878986865715003e-01 3.796287332736952846e-01 1.550727781889821855e-01 4.717509083594573910e-02 2.069604878493334077e-01 3.779674407701922581e-05
3.463016181436105414e-17 2.627529954560806872e-08 1.650917669672182243e-06 1.679504994257842465e-04 3.904301642425043323e-02 2.194678125438459804e-01 1.484967024229326069e-02 7.264698730972164453e-01
5.633756197135063879e-04 2.402959654954597568e-01 3.738299727541925521e-01 3.338676043024257911e-01 8.107304943363058750e-03 1.472391132750427599e-03 4.186334364317322032e-02 4.210892078438272214e-08
2.722393193198082205e-06 1.107790291210755153e-02 9.051370053894536305e-02 2.008056965705839747e-01 9.464388090610953430e-02 2.306446557683683452e-01 3.717611264935292148e-01 5.503144171627513811e-04
2.818936215011958509e-04 2.177676112554337295e-01 3.108383899905692860e-01 3.220504917765533714e-01 3.646229939632801564e-02 8.995068550556088727e-03 1.036021368300524131e-01 2.108579006335961530e-06
4.760912758628483550e-06 3.054816375168697279e-02 4.629847514344186121e-02 2.319173883847518991e-01 2.076673338968560156e-01 1.370739183905127778e-01 3.446645439523174370e-01 1.825415567675701305e-03
1.893652918482864753e-07 9.785245309260781621e-03 1.356183169289743029e-02 9.973787344021606271e-02 2.912920175730473460e-01 2.976190049664038106e-01 2.724893765450497884e-01 1.551446110783366063e-02
2.110279308510097651e-02 5.415138541500236213e-01 3.230712900593746273e-01 1.110892936737321729e-01 1.519409924716212668e-03 4.330200787108208179e-05 1.660056914512222058e-03 1.846685028715577362e-10
4.552943438247398708e-03 4.507681451785351401e-01 3.623641308851620058e-01 1.690983036957821040e-01 4.868673745031778903e-03 8.296882803576121007e-04 7.518101702607176556e-03 1.307427715492910142e-08
7.043564677858060903e-03 3.655795983860168352e-01 3.350971188693377956e-01 2.610577954225328789e-01 6.005747093130060603e-03 8.622546888719796569e-04 2.435374519025663292e-02 1.756720006648337909e-07
2.423737799690087180e-01 3.864195974367449771e-01 3.079577983838533428e-01 6.298956762179092062e-02 4.779800564716989815e-05 4.214605289230105264e-06 2.072439736737389875e-04 3.991313468030262058e-12
2.458045365681356185e-12 7.193806026749603086e-06 1.823383678916232811e-05 8.406750400467938268e-04 1.798133127641254880e-01 3.604200146597715260e-01 1.346097709450208048e-02 4.454395927962799817e-01
1.702339596272992028e-02 4.205829389284393427e-01 3.476446125938257858e-01 2.031158018525612841e-01 1.730411561169741159e-03 3.941254028768946039e-04 9.508703436296395139e-03 1.026210065954290082e-08
1.171277777990362978e-01 1.640479341098510235e-01 1.270602330233885913e-01 1.405334049825633647e-01 1.063925955016190722e-01 1.318425743752362489e-01 1.018503317543845432e-01 1.111451484539208862e-01
2.278585841030143194e-09 1.324878210485065828e-03 1.020654027991256367e-02 7.339112107507088367e-02 4.145479003375840410e-01 3.537231784544797031e-01 1.441145763596584917e-01 2.691803004219366167e-03
2.086890486953069069e-06 2.726727928219427333e-02 6.246869117222962620e-02 2.944900243337078005e-01 1.064194919263571487e-01 1.027735645690601302e-01 4.055979157015791037e-01 9.809461243827075939e-04
3.257904322926267267e-05 1.708587579403711421e-01 6.702465639708179990e-02 1.920751198601894916e-01 5.297463725928470701e-01 2.978868762175334098e-02 1.045327127782893530e-02 2.055526670166823251e-05
1.125440068871185426e-05 1.033263196300307635e-01 8.860839020836092095e-02 2.583081080538338070e-01 3.776228509292957058e-01 8.738276964627172960e-02 8.458280671817659802e-02 1.575004133440419162e-04
3.032815902638173256e-09 6.932099054176658328e-04 3.286960293138221391e-03 4.784651079573173232e-02 2.250334627319891534e-01 4.237992357562588852e-01 2.815925489428426909e-01 1.774806854180521407e-02
3.911858908936179121e-10 1.492945368597751793e-04 3.988244324650930218e-04 8.755325951028031933e-03 2.996322788999645770e-01 4.663787078491037352e-01 8.312411820894025083e-02 1.415614497304534536e-01
9.431462894805262443e-10 5.211259591969498364e-04 1.179434680738625663e-03 3.345720917473278544e-02 3.303898846422768654e-01 4.562438467467158087e-01 1.475258117831887150e-01 3.068268607000360082e-02
2.322287769445969424e-04 1.722706727302756868e-01 2.621560146360661370e-01 3.770447080186358768e-01 9.484283354689193590e-02 2.201032783154032238e-02 7.142963006663803627e-02 1.358439300785612633e-05
2.597393714235814166e-02 5.141396116911245429e-01 3.318888733291628368e-01 1.196629072159414442e-01 7.583495703213949954e-04 8.212443836699168814e-05 7.494195722634115243e-03 8.900912023541088164e-10
2.154113573348030010e-07 1.099842866971373692e-02 2.637075182117892824e-02 2.032504627955496190e-01 1.861155160678413523e-01 1.590795905383328157e-01 4.134210277890855711e-01 7.640069069392429069e-04
1.665028553475549229e-04 1.519107835021376030e-01 1.853340386313595267e-01 3.952383845669409368e-01 7.455619396873379434e-02 3.367320262070794268e-02 1.590989893735230143e-01 2.190448124970178389e-05
1.806531847189838085e-04 1.981061387157476150e-01 2.125312970784200006e-01 3.532575661148130153e-01 5.748218815809978677e-02 2.285571866231522059e-02 1.555642015174610038e-01 2.223656842471743655e-05
8.116446555161738186e-01 1.687523247747666766e-01 1.564922594996446398e-02 3.950970331674359681e-03 2.709003048653740840e-07 1.795754329334755418e-07 2.372951654927427539e-06 2.753691853981208825e-14
4.504029039157659842e-01 4.174512366703121424e-01 9.407897899807293740e-02 3.770062948404526160e-02 3.138599688720604426e-06 1.001682974526875527e-05 3.530954907115346590e-04 1.165792485215918943e-11
1.307439949843374387e-07 4.026780280003782082e-03 1.731105888498383691e-02 1.309808806151484262e-01 3.294519265520238771e-01 2.653492113546833120e-01 2.495770346512842242e-01 3.302976917878030962e-03
3.031328529124825786e-03 2.838345135608794090e-01 3.262221050705589320e-01 3.046735858943430131e-01 5.347139669597991522e-03 1.270134730616538123e-02 6.418787810952759909e-02 2.101859802882984651e-06
6.344463467885470692e-08 2.951484116052872919e-03 6.996563411034947312e-03 5.578508977208960357e-02 2.899708212957927689e-01 3.340324605262505742e-01 2.998360516193913639e-01 1.042746581475156517e-02
9.927134216373464382e-01 5.830000517778663807e-03 1.415069758209987335e-03 4.147975152843782966e-05 5.133304124140029449e-10 1.764166034135796631e-11 2.780416281117324566e-08 1.378453861956471825e-17
7.986062323143232593e-04 3.619856581738111201e-01 2.689284788217599642e-01 3.139236373681801862e-01 3.321458804520414226e-02 4.383735310183069049e-03 1.676329857606089282e-02 1.997472485493053187e-06
8.344208563618109417e-05 6.644348321689040604e-02 2.023025017985415619e-01 2.874675951622241987e-01 9.592845187870741031e-02 1.347123399662207566e-01 2.128291979829343428e-01 2.329879088459853515e-04
3.703805711350423118e-06 3.942512316655866211e-02 5.747403497423270169e-02 3.025351212926183919e-01 2.026908958084362722e-01 9.612448023213064630e-02 3.014729836764202253e-01 2.736570438915888353e-04
9.216677041659697422e-02 5.241447706486843661e-01 2.913697938444740898e-01 9.117614306181530404e-02 5.892724603353926942e-04 3.527088842256236408e-05 5.179785830550973601e-04 9.661666382819775160e-11
7.803342913978270198e-11 1.391397868960935163e-04 1.875353618694477120e-03 2.614656142262822280e-02 2.657366290396437347e-01 5.216464118921246840e-01 1.660855548291657602e-01 1.837034933281408641e-02
9.234356895992559822e-02 6.457792371856209135e-01 2.315656649869999306e-01 2.970379150591161838e-02 5.403423325408474769e-04 6.390403739513795739e-06 6.100461679136911911e-05 8.469895571116115159e-12
4.728293460568840352e-14 2.096022165748749772e-06 6.878425169573949740e-06 8.811533992528722704e-04 3.512229511942737692e-01 4.094287128270423515e-01 5.390427903703463343e-03 2.330677802283446787e-01
2.158960887701906617e-19 2.851711072930590873e-10 1.689486235492583908e-08 2.132666809219995331e-06 4.645723139055727043e-03 5.178610577173731189e-02 2.777399566673724820e-04 9.432882812856955290e-01
5.722834159518294807e-05 6.340448457641315039e-02 2.413600811580530470e-01 3.696653547583773625e-01 1.158986460745734803e-01 1.040526565413060767e-01 1.055059921225546954e-01 5.555642714523886523e-05
3.981295696171211485e-01 3.863474570574212397e-01 1.829587001575330441e-01 3.239577872196573727e-02 5.807562847718505039e-05 3.210949992099896221e-06 1.072078634473696797e-04 4.042095213411343388e-12
1.950613959459559232e-01 4.650480520896072001e-01 2.764166528490217267e-01 6.309713628337741687e-02 5.873173642167374051e-05 4.122096779645063190e-06 3.139089446979531151e-04 5.414122218375000563e-11
1.090145522860687111e-01 1.593847200024520461e-01 1.414529814791570528e-01 1.351786122862667083e-01 1.111173066764701983e-01 1.400203526100702311e-01 9.479540497245353414e-02 1.090360696870613239e-01
2.432113795151615299e-01 5.069461847122812559e-01 2.069253683919171916e-01 4.150832715566611653e-02 4.028222826021932471e-05 3.016368842612776548e-06 1.365441621916861550e-03 5.954282655669689652e-12
8.994263527837552050e-03 2.015150636859358302e-01 4.700385266012805374e-01 2.881963097990010714e-01 2.222311821289432005e-04 1.371233974101495289e-04 3.089646243559780736e-02 1.937080787576515838e-08
2.409028241688676741e-06 2.894873967926828509e-02 5.861636941990384236e-02 2.715831772698069080e-01 1.866426904055924207e-01 1.262616957224063086e-01 3.265222296551537062e-01 1.422688819628267244e-03
3.876216602644017704e-07 9.037910839012699288e-03 2.434486485630977734e-02 1.404672069151703950e-01 3.394969031829275785e-01 2.317800931818799759e-01 2.533762004911027654e-01 1.496432911935696459e-03
4.764012247952346035e-07 1.041933264278637264e-02 2.246438323199834858e-02 1.830787443127483705e-01 3.124723597194503100e-01 2.111127030403381621e-01 2.586330354493825978e-01 1.818965202071522137e-03
9.999870463235986939e-01 1.156085143910329848e-05 1.391821589203006506e-06 1.003347953210093593e-09 9.772822758573785640e-16 1.479128963593627020e-18 2.521273963252226404e-14 1.375999599018347915e-28
8.172368369546523237e-01 1.668379865480282553e-01 1.295913191614389039e-02 2.964613583847884593e-03 5.016685842533085548e-07 1.362676056658808525e-07 7.930611222019892760e-07 1.632441892578443906e-14
2.321484379743291653e-16 4.817950170114782256e-08 4.355015213956329039e-07 1.188764583698092089e-04 2.763952513163087446e-02 2.464255554740295562e-01 5.979178071190792768e-03 7.198363811837564796e-01
2.024905235848493967e-03 2.558243142945541559e-01 3.497367777965053048e-01 3.522014375161786059e-01 1.089985070057145067e-02 9.898826177199145440e-03 1.941330495039716303e-02 5.833287452123362010e-07
1.338545284125812856e-05 5.524669304642071399e-02 1.140747420255606853e-01 3.818721612783882446e-01 1.819248633796075598e-01 5.865252451906458747e-02 2.081407839489619327e-01 7.484634915477663233e-05
1.082195427597094487e-14 2.833663561421972893e-07 6.404538232109126676e-06 2.519706762302542083e-04 6.179369759887664432e-02 2.988445192391671612e-01 9.163364953981775751e-03 6.299397596271454347e-01
8.871737766590605213e-04 3.175786838526676870e-01 2.884785466344370053e-01 3.042180445153788715e-01 2.689801238029733074e-02 6.732646359453564253e-03 5.520467825045295707e-02 2.214230653749789788e-06
1.140402490296598820e-01 1.502756212608766795e-01 1.302612552783338207e-01 1.489543432021615266e-01 1.188091401545785103e-01 1.294900209844895844e-01 1.002064911502355132e-01 1.079628789396644140e-01
3.961337178104141304e-13 5.985146629669051145e-06 2.274822995184584175e-04 7.976388761848411668e-03 6.609822450398328275e-02 4.600216048858432050e-01 3.645500091082000682e-01 1.011203052935780444e-01
3.382724364268654416e-01 3.551521959715721599e-01 2.491051336747911737e-01 5.662998815472500974e-02 3.135229343999329277e-05 5.836930238048101908e-06 8.030565342040941719e-04 1.416412412637087374e-11
5.990063345889649672e-06 3.849386063890283816e-02 1.435915782306917687e-01 3.595476006773697386e-01 9.830846230402508212e-02 4.518762892240815038e-02 3.148332837224135927e-01 3.159544084148270136e-05
3.635164491413558826e-05 1.256956646174430814e-01 1.358916423372770466e-01 3.251783210844347849e-01 2.676943424184620168e-01 5.917565464853052210e-02 8.625021632171211983e-02 7.780692724021426386e-05
1.169452512716906284e-01 1.507626433845423441e-01 1.285599352473239254e-01 1.386799541730824870e-01 1.154353021348883124e-01 1.246279583306887789e-01 1.132322787330138497e-01 1.117566767247699933e-01
