7.177097531772391866e-04 4.487109870869641082e-01 4.833814744187539536e-01 5.414471230667580737e-02 4.221226407034068574e-03 8.898500390309965064e-04 7.934020632797394307e-03 1.935556585007353254e-08
7.230970357493039791e-02 2.668497554383812420e-01 1.917407728784531473e-01 1.434753703036987516e-01 1.007819099446503469e-01 1.455458759325858331e-01 4.332521589566435544e-02 3.597139603163512778e-02
1.989845038113910534e-03 4.527249667393926091e-01 3.132777101246190798e-01 2.229683987073568241e-01 3.475376277477142031e-03 1.042449869193836243e-03 4.521247803454513797e-03 5.440391695237078514e-09
3.736526982929822449e-07 1.293097272428809195e-02 2.564564208300418313e-02 2.139485237624353109e-01 2.014408842482202366e-01 4.456981756277322293e-01 9.833557026620738661e-02 1.999857635414598392e-03
8.002322596919221829e-16 3.430528968168734935e-08 2.192244401044698324e-06 4.959667775106958287e-04 5.783975964409856889e-03 3.901991688628971833e-01 2.669255314887078803e-02 5.768261086966202100e-01
4.690467880581678467e-06 2.791334375265905332e-02 1.119212937696321547e-01 1.952298693356386283e-01 5.339749589181601482e-03 1.458888086717549312e-02 6.449420701516147547e-01 6.010206621548378798e-05
2.707255739150291556e-06 1.037680314312345274e-02 5.147069200035312569e-02 1.330382445377845668e-01 3.982305849803388087e-01 2.491794112298276187e-01 1.570814575734019447e-01 6.200992794283237278e-04
5.727185534906590325e-01 3.553949333092242813e-01 6.842484777997927259e-02 3.451819129217733369e-03 1.501114547538898881e-07 8.267134489277427296e-07 8.869465851121725685e-06 1.650242640839490400e-13
2.495403090909097093e-08 3.867499348438687562e-03 1.031289514344222238e-02 3.199364320660172956e-01 3.928256573398612450e-01 2.070193503764874154e-01 6.560409086672040757e-02 4.340499050061423915e-04
2.228458677169307834e-12 2.117546361508047385e-06 4.928080716522372054e-05 2.039034914405714674e-02 6.473649405887989608e-03 8.501956811172864392e-02 7.580507045892902473e-01 1.300143303932813355e-01
3.881497188630942137e-11 1.236220072211512925e-04 7.416557594634996028e-04 2.414644258662829862e-02 9.469045409837691107e-02 7.313659135235035524e-01 1.103763484264387307e-01 3.855556355955425119e-02
7.888632283490193528e-05 2.078689707762948202e-01 2.064755817690448469e-01 5.422767680208538943e-01 4.093560665651310541e-03 3.099950454389815459e-03 3.610608429726856750e-02 1.976936617760341537e-07
8.303448951898198538e-02 3.177582828676244198e-01 1.856701877421425007e-01 1.548118495180657861e-01 5.473296915177001953e-02 1.198380675746060775e-01 4.672844204187109191e-02 3.742571158493823019e-02
1.034264127503032420e-08 9.021906190392928963e-04 4.287381023086562007e-03 2.707638727646318952e-02 4.277902512643807498e-01 2.896371186000580855e-01 2.258182776649820811e-01 2.448838320934911689e-02
3.852823361146427120e-04 3.708299434196880573e-01 4.502758402654791769e-01 9.217239843631756802e-02 3.208395792733408775e-02 1.869356070465935313e-02 3.554547718362204012e-02 1.353972678502018247e-05
1.662999443153687432e-02 5.631124410265244684e-01 2.950211685878623841e-02 3.898428037314332073e-01 1.348726371588458044e-04 9.086286238111123596e-05 6.869083971270956027e-04 5.505021322642084688e-11
5.781736536203339909e-20 6.953434697439585193e-11 1.052421932860405950e-09 1.023074993201025081e-06 7.234876620767594991e-04 6.666297838117968277e-02 8.879715795434545535e-04 9.317245381802498061e-01
5.523050192599496810e-01 3.251541542180385602e-01 1.119154144265719075e-01 1.059216172217567961e-02 9.132163978280428873e-06 4.662046843522373573e-07 2.365200430683034389e-05 2.949564197248117935e-13
1.883720037063603137e-01 5.983679859136961099e-01 1.919913825011014541e-01 2.113562684297989880e-02 1.151937282791817998e-04 3.140055773192200022e-06 1.466724496201570080e-05 6.847533159198810844e-12
8.085270139142973489e-02 3.171574479195510277e-01 1.865288174521456399e-01 1.538917675797852047e-01 5.494843287314300079e-02 1.218217032351730372e-01 4.734590261082921581e-02 3.745322693794333330e-02
2.296613095637379243e-07 1.065808897262896827e-02 6.760605008498932721e-03 3.153731758242083183e-01 8.057608122925130623e-02 1.110619837707103874e-01 4.748084837708222428e-01 7.613517625703593522e-04
3.082278459807361782e-22 2.568700674746772606e-12 8.877777341078122978e-11 4.171921796350102065e-08 7.337308257204317374e-05 7.379382033465719214e-03 1.300933286144045572e-04 9.924171097447836987e-01
8.523092361559247987e-02 2.575541952325399175e-01 1.989992402659964132e-01 1.166799905630878792e-01 9.068525555360290591e-02 1.289810601403174606e-01 8.181283004678831239e-02 4.005650458207484638e-02
9.996082479139272170e-01 3.405236307650991341e-04 5.113936575550888711e-05 8.907833280501935729e-08 7.256982360426648967e-13 4.239705039593868102e-15 1.048874709490007252e-11 7.811952842961181104e-25
1.184832460500464640e-04 2.345129956429484464e-01 3.686829713868101654e-01 3.868022815396731651e-01 2.823456355767940077e-03 1.867790813660362426e-03 5.192002535721724175e-03 1.847936742619051769e-08
9.362319755007109112e-02 5.271376614996733379e-01 3.628153832917486166e-01 1.481925940606503705e-02 3.820613586701243083e-04 4.591828446137916487e-05 1.176518278112573864e-03 3.311983488127182969e-10
7.698804200652017283e-09 5.153178637361193783e-03 3.175812942458424749e-03 4.201091267428112841e-02 2.190800415555689551e-01 6.074357665084664237e-01 1.092147594852438675e-01 1.392952049781535570e-02
1.028148732748835337e-01 2.542824340514978632e-01 1.767274587733249636e-01 1.624020558939576198e-01 6.877959092061358692e-02 1.242447744196319565e-01 7.053701455991980007e-02 4.021179810617104416e-02
1.452069193078243896e-05 9.468624591315243089e-02 2.432497114828373330e-02 7.321805813460414702e-01 1.462379553624423671e-02 1.930407453371790066e-02 1.148651730435143459e-01 6.377871007135441125e-07
1.766430433465241822e-03 3.139326728053200011e-01 2.927259561390301856e-01 3.770373116357729759e-01 1.262366943115151088e-03 6.130444661245868258e-04 1.266221083672614683e-02 6.740445705276381742e-09
8.548480327275721075e-03 1.808773571000493463e-01 1.399619826938590939e-01 5.838672899621322188e-01 3.073690843457221292e-04 2.316511943362712864e-03 8.412090862522533796e-02 1.002637474488640263e-07
4.635004247371389237e-05 1.328282114789926804e-01 4.223536851605531051e-01 2.723551312767775179e-01 5.244887857927919145e-02 4.769244126700165898e-02 7.227427114268340780e-02 1.031052235861046914e-06
4.770649967652055017e-04 2.109190549467641895e-01 3.106891484950721760e-01 4.444355008024523657e-01 4.848722045673186341e-03 8.030503839395977672e-03 2.059988206009285769e-02 1.228137842067459601e-07
8.194329184764631568e-02 2.925976537467986360e-01 2.444393721915581463e-01 1.120763842821487638e-01 7.601700071149469773e-02 1.178293397692164457e-01 4.771142248152392129e-02 2.738553496961322262e-02
1.279095317872207475e-27 4.802825578652790045e-16 1.946111096342119184e-13 4.436194047866696040e-10 3.455290519186765043e-06 4.989645497290519545e-04 1.365392137158233215e-06 9.994962143238008689e-01
6.187450568689906398e-13 1.872620817170365701e-05 4.401537771889758670e-04 3.418042499930656203e-02 2.003201013828858068e-01 5.317042832822375109e-01 1.537573653519967720e-01 7.957894499759668450e-02
9.439604985771973822e-02 2.566845265593379888e-01 2.100042483313011299e-01 1.270164150790244473e-01 8.089154323004139890e-02 1.518158235413758217e-01 5.058335087417526604e-02 2.860804252702395592e-02
4.219663893053506032e-02 5.195125329632370725e-01 4.024388510956662390e-01 3.473492503996992303e-02 8.452521375391876170e-04 9.054271939840970044e-05 1.812568360187373929e-04 2.776351093816056855e-10
1.018118458234937722e-11 3.972473116352723293e-05 1.320752468180143432e-03 3.800194004409102738e-02 1.309434757904892888e-01 5.904429116779280617e-01 1.980166076033277045e-01 4.123458767464170671e-02
7.311844337846509463e-09 1.199879067610764042e-03 8.491870263131898536e-03 2.468522228336722801e-01 1.042318898279809142e-01 4.118338971892993028e-01 2.236992398295980233e-01 3.690993676862700922e-03
8.072598784446056635e-16 3.750319753129452904e-08 1.581885905103279423e-06 1.633190687720887719e-05 2.795281392655444078e-02 6.261714386846636837e-02 4.577945444849260657e-03 9.048341454641496417e-01
8.523092361559247987e-02 2.575541952325399175e-01 1.989992402659964132e-01 1.166799905630878792e-01 9.068525555360290591e-02 1.289810601403174606e-01 8.181283004678831239e-02 4.005650458207484638e-02
5.745871299854689307e-03 5.966866110687484293e-01 1.406605818691145926e-01 2.301356005500329038e-01 3.335143607293851540e-03 4.334895269695204388e-04 2.300267687272678288e-02 2.520525765949699291e-08
2.153401377316210841e-02 5.185895998224514525e-01 3.935811559222406886e-01 6.369141946063183735e-02 1.307082686141506668e-04 6.802680908691016986e-05 2.405071734930860038e-03 4.208881876756631174e-09
3.949806737478448251e-03 7.287830098583423233e-01 1.540322324634789408e-01 9.196165309571674440e-02 1.556926305638545345e-02 1.195613244812476382e-03 4.508382301429084832e-03 3.924235483253907727e-08
1.610428829154812648e-09 4.425354003237256216e-03 1.891231484198463441e-04 7.175411604698217483e-02 6.070115656867781651e-01 1.722761469591819472e-01 1.404967533026933724e-01 3.846939242277321210e-03
4.114413882473927896e-14 9.554755027278628949e-07 2.435466284178142615e-05 6.515353817137769545e-03 2.946472030582869203e-02 3.853166098607169743e-01 1.198899217217069268e-01 4.587880841562229639e-01
7.479333570377190432e-02 6.471048323130256241e-01 1.788274679424861069e-01 9.874247125172432027e-02 4.329343779116615309e-05 1.781792779315540220e-05 4.707813991218850959e-04 2.428613866415488567e-11
6.403938926766374939e-14 6.387887969772570015e-07 3.039896943467302497e-06 1.325268217545359165e-04 6.754777036451482808e-02 3.025760200455065441e-01 2.167421240980291208e-02 6.080657916726162071e-01
1.306745531468810684e-05 1.683744565758474865e-01 3.769454003327150637e-01 2.966629223506583868e-01 7.241986450793234942e-02 4.524797004307996862e-02 4.033239995368234632e-02 3.918780769496980997e-06
7.023326767843243875e-09 1.643814215217951269e-03 1.551239880266690966e-03 6.319706163563736101e-02 1.562853124920879633e-01 6.515269896624895640e-01 1.222776541248845744e-01 3.517920966088438316e-03
1.028148732748835337e-01 2.542824340514978632e-01 1.767274587733249636e-01 1.624020558939576198e-01 6.877959092061358692e-02 1.242447744196319565e-01 7.053701455991980007e-02 4.021179810617104416e-02
5.367025962773227521e-01 3.420361220754438714e-01 1.070747048778725452e-01 1.414728986671151025e-02 2.069479023002229981e-05 8.397400214983005865e-07 1.775237196402737103e-05 4.337135009408346711e-13
3.829296090160008324e-09 5.817894216921766027e-04 6.001056724875350988e-03 8.336360451363091992e-03 2.881788277784227414e-01 5.669694476907350955e-01 8.596981172553519457e-02 4.396270237808042741e-02
5.460964502678310878e-02 6.623658295060977919e-01 1.222191560687617973e-01 1.594475904231969221e-01 2.592533862018448770e-05 7.115270216342732231e-06 1.324738315458487458e-03 5.086637857520907190e-11
4.036314329578090581e-10 5.103782282448203131e-04 1.089127588948303818e-03 3.155446301315779911e-02 3.843922674052245303e-01 3.563239491933893888e-01 2.144775805074198571e-01 1.165223365998363167e-02
1.113362975401539354e-12 3.003832498810044164e-06 2.256297978108848110e-05 5.351392465598319402e-03 5.685612448397416030e-02 2.699956301700562333e-01 4.150790331971676572e-01 2.526922528698074544e-01
1.592967084470179456e-02 6.059437350604633954e-01 3.160384676461143183e-01 5.934098339000244693e-02 4.613505756741409177e-04 1.609460996105366434e-04 2.124841142144111728e-03 5.241282317028429662e-09
3.229294984911623712e-10 6.818233526369860392e-05 3.192105517238263490e-04 1.541629002703893102e-02 1.658270050692313511e-03 1.463439360181234723e-02 9.670262893370663582e-01 8.773637734719769328e-04
1.426114156321028892e-01 5.277232786227964434e-01 3.083327423977955672e-01 2.089926297014538248e-02 3.870451475292448749e-04 1.471087569279971299e-05 3.154435067724401285e-05 3.257393747268340496e-12
3.241934330068114295e-02 6.564668588938168403e-01 2.139014320780293354e-01 9.541760941476752633e-02 1.016530355338087893e-04 1.955580439353126433e-05 1.673547448573363839e-03 2.420455708690837880e-11
2.102810346688615734e-20 2.817032020487337697e-12 3.230832548512532374e-10 1.888050089617734379e-08 6.169967254286356454e-04 1.388616706281555228e-03 9.595586736953846930e-05 9.978984114945173012e-01
6.457619444980637570e-04 8.426128837304557029e-02 1.878674086517578556e-01 6.283971079931766068e-01 2.478383298875390384e-03 2.945993253426855418e-02 6.688960134491542253e-02 5.158594633223601189e-07
1.759415874005651814e-05 9.214434396802792526e-02 1.410805084501486617e-01 6.451048730848267798e-01 2.590113440966738262e-02 6.211110103872953536e-02 3.363687175225142656e-02 3.573137608359722807e-06
8.169253407510854494e-09 1.706932253913281267e-02 1.220537556187752636e-02 6.126390524871934418e-02 4.055567447755886179e-01 4.521849985112575965e-01 3.895970136291047187e-02 1.275994383125408915e-02
9.524397397621704453e-01 3.822773093204336753e-02 9.132198620487069068e-03 1.980472610879616580e-04 2.911613609831910563e-08 4.921257857245612847e-10 2.253815949110614526e-06 3.378282646363351481e-16
7.600252055822781300e-10 8.699960100357153378e-05 1.340492595068183300e-03 1.049969100273776164e-02 1.138097038522960097e-01 7.687039837581337576e-01 8.145948378532619216e-02 2.409964464541211604e-02
2.166800526469143795e-14 2.105052202119744108e-07 3.211055976035687638e-06 1.208338561726140636e-03 2.226003790496290310e-02 8.620270936682931928e-02 2.024120794249074928e-01 6.879134131803553709e-01
2.268840755780167684e-14 6.557155700555832238e-07 5.795115312786775303e-06 1.012046429454164457e-03 3.162016942479588949e-02 2.272686425180611425e-01 3.346551508762594662e-01 4.054375399205239483e-01
1.975230254133760592e-07 4.706763831884894222e-02 5.799712459719565116e-02 3.992996563132824583e-01 1.911720601208434511e-01 2.257035184231693525e-01 7.870277788800650320e-02 5.702681562833634705e-05
5.696631962792556917e-08 1.930290783257713983e-03 1.770309222525867990e-02 2.564792490816371617e-01 8.125242136425525619e-02 3.965773455532290437e-01 2.456015021377805641e-01 4.560418882628163484e-04
1.295031403188064568e-04 2.988260951703984314e-01 3.662419014040894094e-01 1.675419855424276627e-01 9.410313108667882342e-02 2.447733257415678210e-02 4.867333809882581214e-02 6.712983104048380456e-06
5.935787704924698718e-13 6.099679239787879543e-06 1.335360076091944636e-05 2.340804395291060450e-03 1.277607108462618934e-01 6.488854683916148725e-01 3.839054072567393838e-02 1.826030223605653591e-01
1.067385155659100471e-01 7.776704167323881256e-01 9.227398753458677938e-02 2.326922388331939540e-02 4.437186355844350947e-05 2.760639260345187941e-06 7.237809515268734409e-07 2.415621081737209485e-14
5.616904122028758446e-03 4.515640293082792134e-01 4.675021297955883059e-01 7.336458332839232432e-02 1.210905743508386770e-03 1.516537038147457075e-04 5.897935293011016692e-04 4.690868020426177745e-10
4.812749301173366995e-02 6.154818615077729538e-01 3.031877850855104195e-01 3.251292687658835501e-02 4.212072419107593764e-04 3.320749434058538227e-05 2.355187473873258735e-04 3.475606901961713468e-11
8.523092361559247987e-02 2.575541952325399175e-01 1.989992402659964132e-01 1.166799905630878792e-01 9.068525555360290591e-02 1.289810601403174606e-01 8.181283004678831239e-02 4.005650458207484638e-02
1.176391027624455305e-09 1.777803616831989241e-03 1.224052146685509698e-02 7.966473104227675406e-02 2.477552800797733212e-01 5.415922220881711491e-01 1.135372944067829099e-01 3.432146122917215537e-03
9.439604985771973822e-02 2.566845265593379888e-01 2.100042483313011299e-01 1.270164150790244473e-01 8.089154323004139890e-02 1.518158235413758217e-01 5.058335087417526604e-02 2.860804252702395592e-02
1.558463909949122945e-04 8.695378883579310547e-02 1.205959186721331650e-01 4.989725700779160666e-01 4.750347254046170115e-02 1.408167739120996798e-01 1.049585510310990094e-01 4.307853950218469010e-05
7.584572565350809932e-03 4.123858093258256363e-01 3.992265806704392572e-01 1.714185521504556220e-01 2.532097863023965306e-03 5.525358871912546465e-04 6.299843402344483534e-03 8.135365798697109995e-09
9.002722445345685454e-18 4.861933646373119388e-09 1.166254020281571515e-07 1.274468794624089845e-04 2.791742587553889404e-02 1.403808756535170066e-01 9.667901619101147963e-04 8.306073399422407855e-01
8.002896274649151544e-07 1.620880810786462511e-02 4.296299495077135489e-03 6.585363260700342058e-01 1.213371790216539459e-01 8.532119379880801630e-03 1.910151412436625895e-01 7.332639219402748039e-05
7.254361804189036513e-04 1.676871726913922722e-01 4.870437037976850791e-01 2.500684881029783257e-01 3.261902191844842647e-03 1.380088213840744739e-02 7.741057521134167563e-02 1.839685929945938901e-06
1.028148732748835337e-01 2.542824340514978632e-01 1.767274587733249636e-01 1.624020558939576198e-01 6.877959092061358692e-02 1.242447744196319565e-01 7.053701455991980007e-02 4.021179810617104416e-02
1.921730770711984109e-08 1.585924399389315297e-03 4.319236094999665855e-03 2.151249098606013432e-01 1.869464761710112888e-01 4.975964009534158405e-01 9.213338586648379958e-02 2.293647436791444814e-03
4.354157105365434786e-11 1.180476874658231359e-04 6.938135222572104795e-05 3.394414730067206454e-02 1.200930388854271474e-01 6.490944359825505661e-01 1.569579999793695724e-01 3.972294876874637309e-02
3.233341970338274695e-10 3.119028414086450792e-05 5.164281565997317323e-03 6.157943097788003833e-02 1.938797976528938575e-03 5.218336529661592865e-02 8.787070782698810367e-01 3.958553056248898948e-04
1.730272766522425374e-10 7.386538275827975425e-05 3.801487635111247326e-04 4.332789880719078307e-02 1.187350382235120017e-01 7.066869378929045986e-01 1.017485814895529445e-01 2.904752926754286535e-02
2.173498425040455428e-01 3.111634987274199959e-01 3.646799478235548397e-01 1.063455265988019899e-01 5.840982666257600077e-05 8.012231668981187953e-06 3.947622795334198480e-04 8.312900234623827565e-12
5.986260338288285597e-03 5.668849750699075374e-01 3.378500206300235620e-01 8.049835453528614293e-02 4.981724381881581787e-03 3.529695066750600501e-03 2.689564092278510328e-04 1.356863481779408268e-08
5.476246147679083576e-01 3.814009686519184705e-01 6.998915145123213444e-02 9.722154467014435366e-04 1.293022373535726040e-05 5.599809799236156379e-08 6.346040555474232560e-08 6.584447636908516398e-16
7.860055317311961387e-01 1.459795524990513127e-01 6.710797327681312929e-02 9.057828417974201230e-04 3.167637956896176850e-07 6.898955258391655562e-09 8.359883897187040043e-07 5.958405904966344107e-17
8.523092361559247987e-02 2.575541952325399175e-01 1.989992402659964132e-01 1.166799905630878792e-01 9.068525555360290591e-02 1.289810601403174606e-01 8.181283004678831239e-02 4.005650458207484638e-02
1.895551855818431927e-02 7.802813337383724956e-01 8.214878927335388104e-02 1.181056420700824505e-01 2.676161053976672450e-04 6.570242041222642334e-05 1.753977814841388362e-04 5.271329482703625634e-11
1.099018802434480255e-06 3.208925822048427912e-02 2.126648396630324844e-02 3.979314986102857610e-01 8.612433487425939782e-02 2.472444196284291351e-01 2.151673107121664374e-01 1.755949692694808932e-04
4.647422422187638620e-05 5.074503495019689475e-02 8.243795665840074338e-02 4.678337729125964239e-01 3.086878136718673726e-02 9.826346501359874142e-02 2.697001090188554384e-01 1.044058549440147674e-04
5.205924850722461021e-03 2.230087880915589127e-01 2.187645382348894496e-01 5.001456583626556762e-01 6.134597146322949730e-04 1.267966974072600415e-02 3.958178132629949081e-02 1.796785146366467592e-07
8.523092361559247987e-02 2.575541952325399175e-01 1.989992402659964132e-01 1.166799905630878792e-01 9.068525555360290591e-02 1.289810601403174606e-01 8.181283004678831239e-02 4.005650458207484638e-02
1.056251469262941417e-01 2.849472035027976191e-01 2.296409911554400107e-01 1.079824304903085619e-01 5.819995629764909695e-02 1.264421963191428577e-01 5.073068410505898740e-02 3.643139120330802366e-02
5.864868793134843904e-03 3.332670835487801519e-01 1.412567575524463215e-01 5.114816880442537572e-01 1.085629830034341454e-03 1.897629155798794941e-04 6.854202934851142022e-03 6.380919360901803024e-09
2.048826438439333569e-03 5.059110174627849954e-01 1.217904466792505552e-01 3.568153201011347586e-01 1.229350209397250815e-02 3.972659709315040318e-04 7.436201233192464826e-04 1.130167977480815999e-09
3.563578341571535524e-02 6.124824179976050553e-01 2.765422714721416098e-01 7.398923971019635837e-02 2.565411099571827318e-04 2.654314255606370770e-05 1.067202927278672634e-03 2.245497211939756662e-10
2.445129071763871884e-06 5.685751589825993602e-02 1.218568673584277118e-01 2.222651892030271248e-01 1.892369540057498023e-01 2.864478296190928197e-01 1.217454827919164650e-01 1.587715994455535674e-03
1.137435153238009443e-02 5.918020251675061294e-01 1.983701081476065553e-01 1.789556487507657223e-01 8.449848385334229189e-03 5.867590790193967770e-04 1.046125328496943195e-02 5.652417794706636269e-09
7.471737085495844540e-07 1.707012386613780963e-01 4.489320707376829624e-03 4.260428552228074928e-01 2.896773092780722814e-01 8.324950508102638147e-02 2.581732174951947498e-02 2.170212611397063569e-05
7.336356787221504083e-01 1.709692542552691819e-01 9.431974809368115498e-02 1.073580561786253345e-03 2.654222533773414492e-07 2.075218938835063375e-08 1.452192662900565751e-06 7.719093437987805098e-15
1.436627495491659551e-02 6.405829595376252295e-01 2.090390904220812140e-01 1.256931830291992958e-01 1.706183603909699163e-03 1.281092678114094179e-04 8.484194740924638073e-03 4.443531365558862288e-09
5.460906643089931564e-11 6.346226510382665064e-05 2.322479311150888002e-04 1.769248847187432361e-02 2.061696647120789261e-02 4.497550793824312554e-01 4.861294884316103015e-01 2.551026699204726744e-02
7.115264772331111943e-06 3.639027960631357334e-02 7.672987275497596127e-02 6.239505121441923929e-01 7.237659575216293106e-02 1.322757712946601438e-01 5.821802114169346426e-02 5.183204122892770977e-05
2.331672500066614019e-13 3.863990551474076618e-06 2.338092602871584281e-05 2.230704962811282110e-03 3.841422722340135515e-02 3.917381497113395783e-01 3.231443315196996235e-01 2.444453416659331801e-01
1.010949251499170948e-01 2.628738662159208483e-01 2.702047755121312345e-01 1.193407872103582484e-01 6.892454011649967738e-02 1.288768260214788741e-01 2.565985653892926752e-02 2.302442323476511232e-02
1.362638370396850318e-01 5.716030121941932940e-01 2.453917345903797731e-01 4.625639393648459802e-02 5.056032621618936315e-06 1.320255456365414750e-06 4.786459445812806879e-04 6.598443494703558402e-12
1.703942041127373014e-16 5.946167605266046446e-09 7.726393770313098899e-08 9.398094932913348364e-05 6.478738764101642580e-04 5.723872125535063582e-02 6.632710528239621484e-02 8.756922354264109476e-01
4.113806616285031426e-06 4.288640813501497229e-02 8.350389281343639780e-02 3.094252028095547113e-01 7.982410672444505140e-03 2.772992014137394198e-02 5.284364266478972505e-01 3.162497366197018273e-05
2.295839041708125361e-01 5.809866241897567729e-01 1.840091358631377461e-01 5.369178432612108087e-03 4.399909382120461329e-05 8.714524151582919392e-07 6.286796743973543496e-06 7.003693837005700425e-13
3.504930877373626293e-04 3.534372915662610248e-01 1.294538495969159708e-01 4.928488458239714265e-01 1.215807257106449671e-02 2.086338898748096859e-03 9.664941020445304981e-03 1.674348571269101532e-07
1.005149371709902761e-01 2.365854252456523477e-01 1.991975406342122723e-01 1.623236971062188838e-01 7.504575993563723790e-02 1.551545629186728281e-01 4.474911543951291121e-02 2.642896154910336429e-02
4.746827954201643254e-24 1.497072386248546457e-14 3.513577131567746628e-12 6.878236362855112834e-08 8.532974794067535971e-07 1.693792155860675177e-04 2.954187520347549274e-04 9.995342799490092300e-01
1.136296331610476685e-12 1.428369688544093206e-05 9.144327783049518077e-05 6.437141025168431618e-02 4.936877375923052341e-02 4.234991913731680491e-01 4.534375584401346693e-01 9.217339199931222360e-03
4.217489596663534247e-05 8.637675625979218674e-02 1.204465669499776848e-01 5.406430490861935390e-01 2.408253388934749120e-02 5.981172698453379732e-02 1.685148273886472869e-01 8.236454554117748526e-05
9.354788630278751405e-02 2.885533040575277153e-01 1.545620122592755441e-01 1.748790078938613490e-01 6.973210483230016243e-02 1.046902413572470408e-01 6.855319019059628871e-02 4.548225310640439945e-02
9.354788630278751405e-02 2.885533040575277153e-01 1.545620122592755441e-01 1.748790078938613490e-01 6.973210483230016243e-02 1.046902413572470408e-01 6.855319019059628871e-02 4.548225310640439945e-02
5.418733375772495815e-03 5.184484062558518680e-01 2.288301228024490208e-01 2.381922713201133912e-01 1.779939001139191736e-03 4.273683990334845506e-04 6.903146427594575828e-03 1.241804618619324774e-08
3.471130354434279610e-06 4.541037018412770465e-02 1.349014166735663239e-02 7.510982098590077705e-01 7.029060752605358064e-02 1.961535564189061803e-02 1.000903197693466806e-01 1.524221862879100401e-06
3.365680501353180381e-12 2.412369018259472313e-05 4.065879601594894613e-05 4.283284792779357836e-02 8.497149150788733951e-02 5.651153102748158741e-01 2.900147140717227456e-01 1.700085372821909940e-02
1.797258189615354813e-03 4.671124583481655046e-01 1.051666607072433146e-01 4.221226367468109419e-01 1.565343921789364746e-03 5.633773834574885234e-04 1.672264440070556947e-03 2.628491636882287361e-10
2.092663809704048796e-04 2.511113249112569279e-01 1.582872922824244966e-01 5.188525331847224642e-01 7.355014642125968713e-03 5.603822934753563238e-03 5.857864115931694232e-02 2.104504429289966275e-06
3.595264683069002728e-12 7.137315566932794370e-06 4.605958674770027237e-04 3.923663415775750785e-02 1.661758904596171219e-02 1.698393178530876735e-01 7.469217767510000217e-01 2.691694900555122519e-02
7.276727753912204388e-02 7.131754878278612209e-01 1.706550828271199416e-01 4.266284069976601645e-02 6.966789121653594674e-04 9.055257493961486800e-06 3.357693528905642672e-05 1.182590360940660865e-12
1.086933885565734225e-14 1.356673454079243976e-07 2.645790937680478517e-06 5.201768837093123394e-04 1.442757922230414509e-04 3.004704994282094213e-02 9.329523292651018540e-01 3.633338665783857058e-02
4.596235129287560558e-05 1.486596387615588821e-01 4.506342417508625298e-01 2.485690369471986183e-01 1.610596652242040142e-02 1.271471570868346057e-02 1.232678763158808893e-01 2.561642102513903580e-06
1.881734349555485826e-03 4.001738988050181911e-01 1.839964195224821075e-01 3.846596606994989176e-01 1.438981858629634391e-03 1.214736831923463609e-03 2.663428783991854745e-02 2.800929737688673706e-07
7.370495228231047080e-02 6.201648243355535328e-01 2.955592065156559256e-01 1.038466740116865926e-02 1.536726175757280126e-04 4.453383062776962327e-06 2.822346063885372854e-05 4.034385999331111234e-12
5.061771099214097588e-05 3.167887812045364626e-01 2.845044953032296320e-01 3.718071214642142963e-01 1.262239762121162949e-02 2.925035581471360519e-03 1.130143521118414339e-02 1.159031604904917926e-07
1.828306346536393054e-13 1.121935878632405945e-05 3.057397052637493561e-06 2.806733376794504509e-03 2.382030118399570406e-01 6.221074756460491795e-01 8.484936709521606613e-03 1.283835656716541540e-01
9.467047983681192362e-08 5.829940741131237579e-03 6.987180517897184640e-02 2.238988534770422825e-02 2.421109351193952153e-01 4.755185391821492580e-01 1.771737624597768401e-01 7.105037300391981066e-03
8.581535206721958506e-04 4.118445611241342563e-01 9.679077802262300856e-02 4.413831125020708512e-01 3.914845624167295236e-03 5.473540677768419342e-03 3.973473788276388197e-02 2.706458000334166834e-07
3.334434568825310610e-05 1.276717251811186615e-01 2.541775009729267398e-01 3.129053111121495867e-01 2.071102498285976312e-01 7.775325796204277107e-02 2.034259784003682181e-02 6.012757438534798213e-06
7.068515151184732128e-17 2.801097534446227039e-08 2.697764802662388487e-06 4.000196405445178107e-04 2.121372850705211671e-02 4.634669256392705550e-01 1.204139897325221670e-02 5.028752014641026946e-01
1.614939933071632406e-04 2.706716483647179095e-01 2.400342775637209214e-01 4.643680113412506638e-01 5.145956443358024046e-03 1.395464178810723078e-03 1.822313293146620924e-02 1.518336849332563949e-08
1.505845971059971677e-06 1.914572099422924556e-02 5.672051552005271530e-02 2.465389694136788656e-01 8.001534464079929077e-02 2.231984888361516484e-01 3.738396262713171159e-01 5.398284778017716813e-04
2.296970663775227070e-04 3.580402552779167191e-01 5.486629630518493617e-01 5.373832874434387313e-02 1.836967598432421092e-02 4.337812240711782022e-03 1.662102252561608456e-02 2.451088603874666419e-07
2.146715557191480399e-06 1.386665366505593702e-02 1.059813476646528398e-02 4.546776365471018599e-01 3.277141622983990865e-02 2.265909407747751514e-02 4.646857291006241675e-01 7.391888978809111124e-04
1.117995587475171307e-07 5.109905192378891119e-03 1.012122136102905530e-02 1.467514765197219517e-01 8.896026138340107359e-02 5.575795100912053215e-01 1.850482683539861062e-01 6.429245298719526644e-03
1.477155551909004917e-02 1.350697851256921211e-01 3.320977510196057580e-01 5.103207032240758556e-01 1.673996964402406319e-03 9.478027373509989193e-05 5.971427588311042749e-03 2.850880432656484680e-10
3.208369188030576764e-03 6.019708954167133363e-01 3.413600589735268920e-01 4.897306209581636649e-02 2.453587051960570524e-03 4.289682689649543159e-04 1.605057526623527783e-03 1.478363915362712927e-09
1.333943207487914414e-03 5.697167134777652020e-01 2.290784074947883331e-01 1.842996653104804483e-01 9.765857976303860856e-04 3.360717816219451338e-04 1.425857592749306575e-02 3.700272610281887692e-08
6.834102349617732219e-02 6.763953617261834195e-01 1.912387739151115151e-01 6.394004771800940179e-02 1.289042297427958268e-05 2.429724439866895059e-06 6.947299566505756464e-05 1.440709949982260650e-12
2.831445283010190582e-12 7.589629791854366880e-06 1.023258106301118306e-05 4.146976764180472508e-03 1.843054215967384335e-01 3.453667901783665783e-01 5.780327372845640854e-02 4.083597155185732519e-01
9.526979379086130198e-03 5.340812117562073746e-01 2.762020707384819640e-01 1.751884866870904445e-01 7.176779095139128664e-04 2.224203923552883972e-04 4.061150357278179614e-03 2.779986652047044334e-09
8.851803237242324152e-02 2.791426778789238283e-01 2.349488186737661299e-01 9.661490637330295839e-02 7.173329798112168532e-02 1.517857969940817620e-01 4.200024918866063911e-02 3.525622053771956116e-02
1.652488011769455936e-09 2.465254748590905900e-03 1.985547920512918674e-02 4.818805479704089956e-02 3.148225122327225067e-01 5.404083594667067336e-01 7.338317129724185317e-02 8.771666000803537587e-04
5.932684778052192705e-07 3.798435457361862277e-02 5.981541266164724230e-02 3.631416904253132460e-01 4.710916629429708069e-02 8.818542490948050316e-02 4.030895595249645580e-01 6.737983421998028659e-04
1.750295723512241484e-05 1.568476149183740953e-01 5.210732098601169454e-02 5.343923577250453416e-01 2.370991927356498885e-01 8.628240105949194425e-03 1.089579077937516752e-02 1.197979235692321071e-05
1.032588429712668796e-05 8.603174863919123283e-02 4.405602502470441773e-02 3.700208073537837317e-01 3.509964607630117195e-01 6.831032037420455005e-02 8.053144001103899885e-02 4.287194976650890563e-05
1.524844617709393351e-09 1.809472927336895978e-03 3.612397274192815418e-03 8.304094267534700702e-02 8.502651919918621792e-02 3.466111555386911514e-01 4.717144634249722523e-01 8.185047435430626434e-03
5.441967121177081701e-10 2.253674401306648501e-04 2.424265169302093712e-04 5.507163781825268750e-02 1.301239451024129024e-01 2.996625192097324142e-01 3.527077778019067078e-01 1.619663255664372803e-01
2.267811463969675886e-10 4.437551648698332763e-04 8.755646486909262867e-04 5.158667130318041194e-02 1.450637415360174487e-01 6.830222982402809340e-01 1.043207425335863220e-01 1.468722634659316156e-02
1.241878460382671355e-04 2.234009585564269429e-01 2.104932450717104109e-01 4.467565809856701153e-01 5.253823717802094673e-02 2.911815009683839037e-02 3.756369463354610611e-02 4.945631748798330350e-06
9.071233018104687615e-03 5.749708229149786964e-01 2.952118758911265739e-01 1.181690894207747949e-01 3.522844461878300274e-04 1.170990962603927620e-04 2.107594971702753811e-03 2.408645577123699562e-10
7.250061442201195572e-08 2.773916506032137255e-02 5.664858286917245911e-02 3.695371913442179745e-01 1.545534006775344804e-01 1.635822827845591632e-01 2.273693488595811274e-01 5.699559039959612317e-04
9.432223346551297692e-05 8.788698461096335068e-02 6.756799578061581379e-02 6.530606705172886661e-01 2.933840721608545546e-02 4.423108218515089257e-02 1.178130137917585696e-01 7.523664671903366484e-06
1.066199081489271834e-04 3.026104320687061922e-01 2.803633115031510803e-01 2.647246398406782331e-01 4.271799519695761854e-02 1.433658320162370034e-02 9.513124027453660758e-02 9.178006197594936860e-06
7.089229801352771032e-01 2.645888230097980243e-01 2.528899929488883161e-02 1.198654704357164560e-03 6.074208595458457806e-08 8.067306592511938739e-08 4.014405201759244621e-07 6.564484097880478046e-15
3.548872457481017095e-01 5.146048130766921469e-01 1.239412456956543868e-01 6.528366635589285920e-03 5.083681034311201754e-07 2.861212234369955973e-06 3.495926203739792618e-05 1.587538863817182403e-12
5.745932012403899390e-07 7.927541824866525533e-03 4.073706539866880916e-02 9.885259497321546851e-02 3.720672272019981408e-01 4.256979116659470597e-01 5.414983533111356745e-02 5.672490109893257989e-04
1.994608388901148409e-03 3.717887443714397722e-01 4.512591024457153210e-01 1.507793582770929341e-01 1.506756605857477839e-03 9.087362194858875433e-03 1.358359191097760314e-02 4.758051571166102632e-07
8.067244792536770853e-08 3.073873381286503208e-03 5.575133943830536641e-03 1.722989312840337572e-01 1.365314566480489433e-01 1.712933275158494695e-01 5.005051706757881469e-01 1.072202587871430579e-02
9.972187788700348499e-01 2.252170133557283675e-03 5.226097340226891442e-04 6.436978539571814711e-06 2.026979578320439808e-10 8.473876620520408550e-12 4.072674183067102340e-09 7.820808549349530568e-19
3.241181810836440405e-04 3.341376652416272464e-01 1.677251578388830044e-01 4.360287865550500075e-01 5.554649040892920171e-03 1.387869190613702031e-03 5.484074639389788230e-02 1.007557949622445048e-06
4.208283656863091859e-05 1.116095684511433234e-01 1.154844247724351458e-01 4.182581012613770799e-01 3.736176285148332804e-02 2.217416831099371932e-01 9.535802841584586909e-02 1.443483012090804719e-04
2.365787847782156930e-06 5.121041589609058586e-02 5.696910576729258269e-02 3.583856427819444024e-01 2.345551414113197231e-01 9.257937997940542119e-02 2.061727642200601174e-01 1.251841560394482348e-04
7.939590769968653261e-02 6.173225010514986622e-01 2.158461480364336493e-01 8.648957129287768164e-02 4.595459698743200217e-04 1.349837851906756603e-05 4.728275379152202247e-04 3.319528138880298828e-11
2.538909113138637419e-11 1.591154316079242429e-04 1.581767380051553361e-03 3.312468898038003345e-02 1.559888445396093726e-01 7.452136359654271125e-01 5.766342071412002002e-02 6.268526963414811429e-03
7.552543174047790520e-02 6.609883599727061076e-01 2.582186548097076262e-01 5.071199161476505970e-03 1.871483632854731196e-04 2.829755184160165092e-06 6.376196306957458072e-06 8.543848898325632315e-13
1.234363121277700057e-14 2.192155398650497314e-06 5.264186714765946498e-07 3.036253388385558565e-03 5.183103417361774046e-01 3.807810343244277251e-01 8.235423265919722402e-03 8.963422871100382161e-02
3.149957135903771817e-19 3.632736187231952054e-10 4.097237539171077190e-08 6.127769289950578377e-06 3.526537036622095708e-03 2.039561552782727938e-01 2.371897486200203126e-04 7.922739488315456713e-01
6.716796434623298711e-06 2.565926638374811664e-02 8.802171637638959989e-03 8.077085248001975026e-01 3.295538249005407899e-02 2.566428288439675034e-02 9.919888367654917938e-02 4.771330983023221205e-06
2.332577021776805482e-01 5.329243326874225639e-01 2.015376031339619622e-01 3.221524444435867190e-02 2.426605734733516757e-05 2.758612089859499854e-06 3.809288572496596681e-05 1.414407774107710576e-12
6.444388736788672634e-02 5.288832221405643796e-01 3.604446381492486251e-02 3.687247633433939908e-01 3.475718554141128176e-05 4.648411606339354645e-06 1.864257700961672194e-03 3.511642367205326118e-11
8.717460637638634047e-02 2.604205589866238069e-01 2.662832331246691719e-01 9.252741312104176274e-02 6.852205012468744194e-02 1.753979869857379692e-01 2.702098039483881442e-02 2.265317088601503936e-02
1.735203307762592517e-01 6.549923603675474881e-01 1.303575949878413298e-01 4.019706436705738906e-02 2.861161856964009742e-05 1.948777979552523547e-06 9.020891032628104277e-04 1.482492833098738466e-12
1.841322631403759192e-03 2.646344168203393910e-01 5.055994136922964399e-01 2.108957634137649528e-01 6.163355791687465720e-05 8.251473523331253549e-05 1.688492401906023857e-02 1.112998216264551816e-08
7.753199413702016073e-07 9.257971656295818294e-03 2.545786503205742235e-02 2.553491218960271536e-01 2.233400869872511837e-02 2.921403016885954634e-02 6.578536789373922167e-01 5.325482907017681971e-04
2.312830530880554285e-07 2.553826507079188374e-02 2.158871698808882342e-02 2.918082223400165209e-01 1.769014094994539876e-01 2.661047157550123221e-01 2.170107389075830728e-01 1.047700155999651281e-03
2.966021227382367702e-07 7.780414537696486547e-03 1.655606442417775076e-02 3.800897284577589019e-01 1.252306144727811377e-01 3.402827766048444058e-01 1.294017532792672842e-01 6.583516213511443095e-04
9.999938944224788795e-01 5.342544656121946787e-06 7.628594553310250532e-07 1.734088444011372091e-10 2.520170060391267787e-16 5.393712914886301232e-19 1.273438656455046136e-15 5.570881918035312446e-30
9.182724944230837849e-01 7.692865156960621009e-02 3.692314846157578826e-03 1.106132664415293522e-03 1.997742495803318945e-07 3.667534741254295396e-08 1.700471401432161907e-07 5.566509984694950649e-16
7.671646133123539311e-17 2.435967138242207670e-08 4.364410910554092917e-07 2.525578464036021958e-04 1.140686334599119896e-02 7.080437321754342594e-01 3.794695370726219961e-03 2.765016904606825143e-01
9.534467191224613863e-04 2.839140073199191150e-01 1.212486293986728136e-01 5.562540203601256117e-01 8.437980748037463008e-03 6.432225991510905246e-03 2.275917892892137875e-02 5.105336907131557350e-07
2.744560199982868326e-06 1.832517274774200788e-02 7.258481075815452488e-02 6.085923039470294560e-01 5.549474628769451162e-02 9.078307160606735593e-02 1.541798484948949388e-01 3.730159821674359827e-05
6.650645197964182896e-15 1.464171602539100157e-07 5.719216911103689810e-06 3.565839292025957245e-04 2.090981235104660829e-02 7.555320541971791704e-01 3.588696321066870299e-03 2.196069875674265814e-01
9.622180159084335691e-04 4.303442122189807262e-01 4.346096796140133667e-01 1.030105643765162476e-01 1.917436051846101511e-02 3.952182190282958058e-03 7.946417677042419414e-03 3.653887944771072267e-07
1.007663821692704464e-01 2.564272064887455627e-01 1.082353820681570128e-01 2.149563483188416946e-01 9.550526904112360826e-02 8.637345477674709948e-02 9.175186173214658347e-02 4.598409540496772863e-02
5.252110584199649986e-13 1.089811406961027877e-05 4.126520909675579279e-04 1.712978427860914477e-02 2.835608838147584548e-02 7.183793391067062606e-01 1.733750227379727005e-01 6.233621528967653314e-02
2.050482147501545005e-01 4.614526923708766049e-01 2.844075038480547990e-01 4.883372483250269375e-02 1.188393844638139836e-05 5.095945452605501410e-06 2.408843110492280611e-04 3.463186513280143515e-12
1.644396788981361359e-05 1.016232810441422829e-01 1.525753622739102755e-01 2.945387935224125786e-01 1.341846317363935559e-01 3.220737904142551705e-02 2.848444548490856598e-01 9.653564740688723114e-06
4.832160098723506715e-06 7.385996169940031719e-02 5.418268549802702887e-03 7.100495348809803264e-01 4.605093912535938167e-02 5.147391136611516663e-03 1.594435803000401053e-01 2.549214770294363185e-05
1.158261050554730553e-01 2.426291783433755234e-01 5.381039535470671931e-02 1.997468762763826011e-01 1.191808588013948539e-01 8.261297527248744055e-02 1.303854407987468933e-01 5.580817009743273271e-02
