1.947523457285662077e-03 2.860218835806402904e-01 3.536961453746786943e-01 2.762440382801438221e-01 1.210362629237329152e-02 1.957516105564565626e-03 6.802907065262141229e-02 1.962566917606641202e-07
1.230051716800178024e-01 1.305471911160477616e-01 1.253110924215939670e-01 1.272840158796107735e-01 1.234789002532445390e-01 1.265428071068290805e-01 1.207126567216757485e-01 1.231181648209798557e-01
6.507795329222219177e-03 3.732565631439406784e-01 3.823736907231118365e-01 2.103840080277682156e-01 8.360989875635830432e-03 6.153627143290181858e-04 1.850156579559072978e-02 2.439040060265618680e-08
4.641723719395812806e-07 1.477645027455046223e-02 2.100832650786546921e-02 1.050695913670244563e-01 5.366700698115544066e-01 1.943869556694894918e-01 1.244419320420301761e-01 3.646210155114234380e-03
2.454743717082661666e-15 5.131040460474994981e-08 1.583415871541311470e-06 1.733762813739790360e-04 1.442944079878428522e-02 1.883040620733892612e-01 3.166009219680970127e-02 7.654313939233640118e-01
6.819304615287313142e-06 9.596928897145190832e-03 5.855234769833661534e-02 1.662871465349452516e-01 5.079466482097103920e-03 1.139172566412910426e-02 7.489877092623905552e-01 9.785615633788204539e-05
6.666334309470940437e-07 5.379740124661365475e-03 3.870208076680958093e-02 7.888322947122927697e-02 3.474349418015275082e-01 3.021766265994611511e-01 2.240885131140293307e-01 3.334201488846592724e-03
6.969163118446565219e-01 2.320170956314982214e-01 5.103297002727357617e-02 1.990823802873221277e-02 1.095597383351662960e-06 2.410821149476477867e-06 1.218780476623173312e-04 1.643641010711694516e-12
1.287233718174968519e-08 3.729479261356220040e-03 1.649133429080158059e-02 8.058417806722137366e-02 7.205696254469842188e-01 1.484818029263062777e-01 2.978717748192138623e-02 3.563896530458200360e-04
2.609546375936487452e-12 3.454969260355653295e-06 7.429930792491237627e-05 4.235989791961713123e-03 4.614303224511402679e-02 3.534111108379455191e-01 3.679580004144402672e-01 2.281741124307449520e-01
7.425471204438300413e-11 4.748243499904210773e-05 4.297421953519000139e-04 9.165986704578349756e-03 1.393533358952889212e-01 4.793086785314702447e-01 2.767696870363179351e-01 9.492508712773742308e-02
2.736503675605782846e-04 9.350103361638220645e-02 3.307705352871927462e-01 4.428170005357852101e-01 1.146089535693167391e-02 6.102106050700140637e-03 1.150742819697711389e-01 4.968156799599301243e-07
1.228815121394632448e-01 1.301411186525162911e-01 1.265196582576038065e-01 1.260016033299772298e-01 1.235685317159793684e-01 1.256094978574555376e-01 1.217785204794158416e-01 1.234995575675883889e-01
1.472620341695006329e-08 4.340439060216036665e-04 4.780989612575160114e-03 1.295312106370454311e-02 3.701359222698668017e-01 3.712238085852468950e-01 1.912357117576020393e-01 4.923638807877925294e-02
3.258173548886132351e-04 1.808153837990910950e-01 2.301607060411811900e-01 3.564118726324369546e-01 5.099997496580265660e-02 1.808174029238582975e-02 1.631450529827047080e-01 5.945193150961493046e-05
7.199793226507091026e-02 5.975517155680534209e-01 2.226837239601220098e-01 1.068007271506414141e-01 3.019850099288077789e-04 1.451451317354950782e-04 5.187705333304465328e-04 3.811191889617526048e-10
3.524216056884944315e-20 2.146787700576118401e-11 6.203034373021738402e-10 1.700520352103376179e-07 7.616277690429496200e-04 1.812283507648038833e-02 2.095039533437328310e-04 9.809058625073263649e-01
5.494756359772952070e-01 2.850945292826547739e-01 1.397775097780623033e-01 2.546461321555230223e-02 1.674102522278149600e-05 1.011921280764426597e-06 1.699587972057415533e-04 2.725767669969320843e-12
2.860909727727383167e-01 4.445032404449195118e-01 2.237866610269735324e-01 4.522630742266251641e-02 3.194351228423163635e-04 8.672092743352949296e-06 6.471109370746398650e-05 2.341251355503028079e-11
1.228815070016378713e-01 1.301397185419683189e-01 1.265194885432655292e-01 1.260023948571574182e-01 1.235679950847248521e-01 1.256100413173465991e-01 1.217790016496848454e-01 1.234998530042146214e-01
1.146765325705407000e-06 1.952130512858345560e-02 3.587150819091142889e-02 1.684805341649887322e-01 2.203558891754077431e-01 1.600062354622653060e-01 3.921322204133737555e-01 3.631160699144049975e-03
2.353880147050786976e-22 1.475281944763711317e-12 3.397136329255628108e-11 1.529119080017900091e-08 3.896960759232626081e-04 5.969343937804062923e-03 5.960766758905040636e-05 9.935813369920468707e-01
1.239155429993787361e-01 1.299025951552698899e-01 1.253979851174811533e-01 1.269535342384450760e-01 1.225075008057777692e-01 1.260840923027190252e-01 1.217145474238948422e-01 1.235242019570329669e-01
9.995989365013331351e-01 3.194979050230223111e-04 8.133427755778248021e-05 2.309541616135527553e-07 1.374775592835860819e-12 5.669440969871766621e-15 3.605440789765260736e-10 1.598815232961076379e-23
3.849932221384605988e-04 1.975079195261223997e-01 4.076471296875336936e-01 3.430771325360955637e-01 1.516255459969564033e-02 3.585653611695507025e-03 3.263452711497187575e-02 8.970174583523341393e-08
6.683647095715607167e-02 4.504593116256719321e-01 3.489420674586634630e-01 1.241796609000071494e-01 6.872042494551162473e-04 6.638366162515076194e-05 8.828896891304132202e-03 4.256116217157629257e-09
1.149084902814062320e-08 1.508872955624172103e-03 2.224576029901538521e-03 2.067545546197446099e-02 3.575367267245518899e-01 3.816768255565802792e-01 2.090382614037051834e-01 2.733927037681384981e-02
1.237316093448517645e-01 1.294889734985825713e-01 1.261881402850590916e-01 1.264556886591067519e-01 1.222556476882551008e-01 1.263719944404059492e-01 1.220887688172720559e-01 1.234191772664663261e-01
1.358033766404004685e-04 1.425025507317500273e-01 2.140709498101974473e-01 3.727520527934110040e-01 6.048521405170881327e-02 1.352495625192424479e-02 1.965228993726979567e-01 5.573611664617926045e-06
9.986376637497762845e-03 4.000927378678770796e-01 3.867190632498307967e-01 1.775309730105479045e-01 5.034701421133927143e-03 3.724965450200822263e-04 2.026363678715072808e-02 1.448094168838388980e-08
1.236170545075693065e-02 2.241405289042487925e-01 3.518986020434649031e-01 3.363517739577363552e-01 1.035407267004158924e-03 3.272305811126902282e-03 7.093949925923728750e-02 1.773064273742078801e-07
1.274016538820886544e-05 4.351474371860415691e-02 1.740072768104983514e-01 3.820191582804150499e-01 5.506585734908699126e-02 2.203639587449352302e-02 3.233357824731470376e-01 8.045328366934414196e-06
1.166440862137736994e-03 2.457820622984127623e-01 3.418418745131175385e-01 3.057764692335001033e-01 1.870087104385538893e-02 3.198064871408982327e-03 8.353377869143846501e-02 4.384861285468384233e-07
1.226587220561758951e-01 1.313023345507375317e-01 1.265242045089334522e-01 1.271351779037465657e-01 1.231614384956119107e-01 1.256009776337591033e-01 1.204224853581695592e-01 1.231946594928654409e-01
3.766181724042011846e-28 2.160038888479996720e-16 6.746522536911534771e-14 7.751839539562455578e-11 4.069362062945898818e-06 1.108372207187225647e-04 1.014181033195359978e-06 9.998840791585978938e-01
2.146728649797953573e-13 7.309526849553000228e-06 1.767204584729160466e-04 5.218970296509512982e-03 3.910890717476593892e-01 4.711398168834790567e-01 5.066666835654012185e-02 8.170144273026984372e-02
1.225780105157046329e-01 1.298430943007428950e-01 1.270846068133193452e-01 1.266187109894624241e-01 1.232672858461934667e-01 1.272683712468039297e-01 1.201644800848672145e-01 1.231754402029059392e-01
5.135440721649538881e-02 4.532511058751302890e-01 3.527227272649592904e-01 1.373883004652701467e-01 3.299132939527388807e-03 2.030591981065200480e-04 1.781264578826400723e-03 2.461684190567115415e-09
6.708154939291326128e-12 2.575761668848468587e-05 4.936457616201870777e-04 9.777604364310762616e-03 2.522178648032514792e-01 5.446601292316053389e-01 1.355615919941977332e-01 5.726340622161887883e-02
7.562607911887641255e-09 9.156511281313809043e-04 5.252928865800697220e-03 7.426539437021441314e-02 2.916906225662548313e-01 3.128760129548223134e-01 3.085729697763696100e-01 6.426412775799247162e-03
2.091990370500254005e-15 1.574079979513905080e-08 2.057341290940437222e-06 1.600587281933209887e-05 5.817318514305823418e-02 7.858402878488891796e-02 8.624009792425255810e-03 8.546006973247188832e-01
1.239155429993787361e-01 1.299025951552698899e-01 1.253979851174811533e-01 1.269535342384450760e-01 1.225075008057777692e-01 1.260840923027190252e-01 1.217145474238948422e-01 1.235242019570329669e-01
1.099796230489453151e-02 3.604072916941098437e-01 3.506956515452328560e-01 2.446865809270215297e-01 4.637560429942957745e-03 1.112822002564080098e-03 2.746206112356311055e-02 6.997267385536615561e-08
5.160719383031538154e-02 4.224500832328630384e-01 3.680002829869847281e-01 1.451854234991257764e-01 3.914944223178423613e-04 1.001409348459060496e-04 1.226535531964503302e-02 2.577390230150849289e-08
2.382513195367767268e-03 4.787789761664966726e-01 2.900980345198662103e-01 2.084573156475549582e-01 1.175583420435378883e-02 1.122373183490870795e-03 7.404716234710301964e-03 2.368481622794638663e-07
2.983063110181556874e-09 1.271797779736106920e-03 1.220703609260377675e-03 1.130959783534392707e-02 6.850932769048704296e-01 2.660008649820853610e-01 2.866123376241135404e-02 6.442522143225976224e-03
5.981432654456964407e-14 5.801651853069616598e-07 2.805190357315422864e-05 1.260244186951917913e-03 5.518247473296632177e-02 4.110912173979947570e-01 1.281591768594794456e-01 4.042782547537893123e-01
2.234806933544018492e-01 3.846590330337760211e-01 3.067203194968892710e-01 8.330530885409055675e-02 1.497271983856248204e-04 1.960536694822652743e-05 1.665312600360198360e-03 9.514792323703448412e-11
7.387892388596680932e-15 1.030999352547530792e-07 7.193631649982544211e-07 4.003299134800014886e-05 2.709338463345127915e-02 1.228192549409692080e-01 2.093046727524407527e-02 8.291160376958801592e-01
2.569413675056706218e-05 7.813496745163515944e-02 2.059345964432216236e-01 3.692752301385666125e-01 1.392966105767053653e-01 4.775197602449892526e-02 1.595535459306391401e-01 2.737929798266478136e-05
1.133327945292606560e-08 1.710076571965113987e-03 3.599412604520535811e-03 3.192505047643621335e-02 4.219742034945802578e-01 3.521848027529623226e-01 1.797620496585100314e-01 8.844393107745769644e-03
1.237316093448517645e-01 1.294889734985825713e-01 1.261881402850590916e-01 1.264556886591067519e-01 1.222556476882551008e-01 1.263719944404059492e-01 1.220887688172720559e-01 1.234191772664663261e-01
4.784800939347929605e-01 3.384293166663806529e-01 1.531962527665709228e-01 2.971206015453401600e-02 3.861389290441971184e-05 1.678800538439255157e-06 1.419837794174266625e-04 4.861789967124804372e-12
2.873665863473539663e-09 1.723534009100709100e-04 2.133850457318832612e-03 6.261349658282882452e-03 3.921225408526238798e-01 3.692232643640738221e-01 1.333520914452478445e-01 9.673454694787685104e-02
1.304711839260807860e-01 4.355572279094389043e-01 3.358693339215066409e-01 9.675289914631075849e-02 1.391191715580130154e-04 1.206527372919197432e-05 1.198170598911715064e-03 5.246481962530918943e-11
5.137974322146344889e-10 3.407901712084832578e-04 1.719375688647731054e-03 1.722097689184397609e-02 3.913697473225376533e-01 4.186065757749958816e-01 1.502081894048612198e-01 2.053434423210851942e-02
9.101512819589301828e-13 5.027949904254261017e-06 3.543092089950323115e-05 1.257585533590483296e-03 8.348316356536066019e-02 4.179326353685930973e-01 1.893327230936676930e-01 3.079534335670720546e-01
1.931810007791816275e-02 4.552333042789938888e-01 3.083251839441028541e-01 2.078042457336062576e-01 1.486465065167484438e-03 1.304232475723470170e-03 6.528443455550265138e-03 2.496894127448854182e-08
5.820297125971525868e-10 2.818086074049145628e-05 6.229680899497470892e-04 6.444866963622918922e-03 3.096043046910111358e-03 3.317900778154612290e-02 9.555799654766042872e-01 1.048967198599875519e-03
7.244758230623390971e-02 5.536812819296130783e-01 3.147355986205416234e-01 5.783094329523991162e-02 8.163354149639522614e-04 1.945675295920390617e-05 4.688016186687127490e-04 6.177915066082567914e-11
1.108771829814773902e-01 5.169809884353125939e-01 2.901234785422069362e-01 7.707685468620127656e-02 2.210956520702893487e-04 1.666086119420621489e-05 4.703738749895236028e-03 9.164182214891013764e-11
1.740385302491558155e-20 1.775451376366599972e-12 4.664807298916573011e-10 5.726751683971396212e-09 1.160961971670280979e-03 1.177268251144675997e-03 4.287213259677005625e-05 9.976188914495777160e-01
9.309847576955992314e-04 1.154676686672934660e-01 3.500181632036916124e-01 4.140842614180772485e-01 4.550991301882453821e-03 1.231702075390876672e-02 1.026300255979531173e-01 8.842995008582985219e-07
3.613990565732863255e-05 9.257854386397992852e-02 2.173776098819185931e-01 3.725778185895323169e-01 1.082472660296584094e-01 4.094307253300042554e-02 1.682188963690459949e-01 2.065282720724545234e-05
1.368992399834603691e-08 3.352797313591789063e-03 3.251669520281198766e-03 2.612333715402617718e-02 7.053429574202983998e-01 2.205262259331640939e-01 3.355252627851704195e-02 7.850472690197013090e-03
9.494071824338682353e-01 3.543149743956077596e-02 1.436059429633301278e-02 7.946121185922153541e-04 4.126423301304671905e-08 1.451056114894283747e-09 6.070996354384707213e-06 1.791677807672030011e-15
1.484980007337556469e-09 9.923266537496798782e-05 2.777747098706467594e-03 9.861264750190166725e-03 3.277384867635971810e-01 4.017184511835453775e-01 2.123940146136996943e-01 4.541080143990371826e-02
1.598298023002671082e-14 4.507450221312792849e-07 3.782811985499440461e-06 2.229162084332121554e-04 3.923338095966465849e-02 2.813752307421208410e-01 7.361119781549163577e-02 6.055530407172635687e-01
1.438273510269661133e-14 3.041627480780317003e-07 3.401753556450975865e-06 2.006391699093614434e-04 4.008393619174729916e-02 2.825643001145405897e-01 1.073850902510313648e-01 5.697623283564553498e-01
6.913891617728010176e-07 2.106297914629760154e-02 4.721828263793918096e-02 2.784958939180576798e-01 3.328619020941699369e-01 1.092064406576005037e-01 2.109690298142480880e-01 1.847803425258047060e-04
1.034486181453612756e-07 4.466485227692175951e-03 2.614083530754937948e-02 1.331614684573749485e-01 2.356463292007889287e-01 1.827374216623472714e-01 4.165679210271856503e-01 1.279435668442880682e-03
1.110707330659474142e-04 1.118684955457413810e-01 1.850747278219203318e-01 3.735377127523661356e-01 1.374589075620042955e-01 3.209613447806421854e-02 1.598240602025323143e-01 2.889090430508734484e-05
9.812741490526664463e-13 4.369991838577650127e-06 2.195870799516754039e-05 9.145295496308111045e-04 1.842838163961243170e-01 4.323658011274140733e-01 2.549072751943124576e-02 3.569187967065837186e-01
1.518456776166782207e-01 7.191246369656469906e-01 1.181978003501340524e-01 1.064991374246254674e-02 1.774476764767500070e-04 1.305388094084772579e-06 3.218260404226819439e-06 1.043615145117526249e-13
6.202049162039553927e-03 3.227120352312594087e-01 4.197470008395486341e-01 2.410691547132690626e-01 2.335554744721088285e-03 2.998524409641109036e-04 7.634347751411760599e-03 5.116788253598247998e-09
5.108782539333888567e-02 4.784022236322414412e-01 3.728237110227670126e-01 9.005636143896919577e-02 7.870990230005209557e-04 4.485782812815121206e-05 6.797921122227338665e-03 5.393283819182252834e-10
1.239155429993787361e-01 1.299025951552698899e-01 1.253979851174811533e-01 1.269535342384450760e-01 1.225075008057777692e-01 1.260840923027190252e-01 1.217145474238948422e-01 1.235242019570329669e-01
1.756716828737032777e-09 6.362323648501746250e-04 4.878118608589627342e-03 4.393497389425982808e-02 3.257107432211240883e-01 3.462394412378451691e-01 2.647475571380924486e-01 1.385293177852175289e-02
1.225780105157046329e-01 1.298430943007428950e-01 1.270846068133193452e-01 1.266187109894624241e-01 1.232672858461934667e-01 1.272683712468039297e-01 1.201644800848672145e-01 1.231754402029059392e-01
2.897215593787772934e-04 8.320985950851858548e-02 2.590516753405007200e-01 3.413198769027666057e-01 9.345935416665705764e-02 7.281064726085272054e-02 1.497853703538911119e-01 7.349490743433082700e-05
5.103812847803669388e-03 2.841422206524583660e-01 3.952332324236950689e-01 2.755959758843195551e-01 3.415524183209154088e-03 8.297228738864711843e-04 3.567944879873004294e-02 6.233590074816693510e-08
1.181914112993460066e-17 8.667051034384732233e-09 4.746108079411038460e-08 2.195797798761642776e-05 6.070621409065964785e-02 1.524944731813535348e-01 3.740538793883229078e-04 7.864032447424917915e-01
6.340533081823346245e-06 4.648879416540057513e-02 8.189757122392454791e-02 3.012658176674674060e-01 2.963809469236896033e-01 8.974179827111548879e-02 1.839643785738495074e-01 2.543526414716301611e-04
7.909958842578791163e-04 7.211837981747883097e-02 2.816773471881440227e-01 3.917437874858758495e-01 8.509841841985030936e-03 2.057866288551863862e-02 2.245751800799329900e-01 5.804816806980312810e-06
1.237316093448517645e-01 1.294889734985825713e-01 1.261881402850590916e-01 1.264556886591067519e-01 1.222556476882551008e-01 1.263719944404059492e-01 1.220887688172720559e-01 1.234191772664663261e-01
2.687175035419124443e-08 2.239446384829950430e-03 5.543795050812285602e-03 6.738702121355411023e-02 4.390708125710264809e-01 2.858992722097508099e-01 1.932801614561515391e-01 6.579464242123850629e-03
9.604103856168231587e-11 7.526943958336524635e-05 3.233491001496567531e-04 7.211559483431937041e-03 2.894967632086357656e-01 4.988011024697194817e-01 9.889583978109704743e-02 1.051961164213440908e-01
5.339742106555976133e-10 6.028268376610528988e-05 1.956393551655244336e-03 1.630706824507078059e-02 5.196725714249900673e-03 3.644001146592781848e-02 9.393823640691506549e-01 6.571537362080845683e-04
2.380997969298147489e-10 1.101063513101608726e-04 4.839733800920595613e-04 1.414146719457418794e-02 2.530757445758300417e-01 4.483832519577410358e-01 1.993756422082879065e-01 8.442981409406463689e-02
2.500796912965230212e-01 4.229179652088650987e-01 2.862066679048255180e-01 3.990039468691964492e-02 1.609095860204879009e-04 7.142058155801013351e-06 7.272292305878838830e-04 2.810296215458603883e-11
3.644554784481659690e-03 4.606848161252840579e-01 3.066187075045261889e-01 1.990322963800887635e-01 2.227215698025991966e-02 4.740889486115724798e-03 3.006395544564392092e-03 1.831946776633457660e-07
4.587814210480513077e-01 4.515898693410319020e-01 8.528594787252098686e-02 4.302379659374293286e-03 3.907359640482719357e-05 1.104711860312499274e-07 1.198011416922431287e-06 1.395702462850357553e-14
8.035571880818258572e-01 1.127031861218214248e-01 8.133110596599021913e-02 2.385195292808237402e-03 5.501113840255750333e-07 8.508648745874602124e-09 2.276591752202970697e-05 9.027111243128775235e-16
1.239155429993787361e-01 1.299025951552698899e-01 1.253979851174811533e-01 1.269535342384450760e-01 1.225075008057777692e-01 1.260840923027190252e-01 1.217145474238948422e-01 1.235242019570329669e-01
7.578372048255885285e-02 5.078366882482158173e-01 3.154238239977908420e-01 9.869859007626956282e-02 1.603848088523165310e-03 6.698463760608608744e-05 5.863442009404906284e-04 2.680952405060964755e-10
2.813955192522475501e-06 2.121478411533123110e-02 4.754824013750005851e-02 1.888674611673094306e-01 2.529571368288439648e-01 1.498146086479485717e-01 3.390217376250502790e-01 5.732175228246699479e-04
6.870590488282954204e-05 5.942224534878882969e-02 1.944728767370785538e-01 2.807804440186399408e-01 1.003937260837003131e-01 1.191881248718193592e-01 2.454890541462503295e-01 1.848228888388725802e-04
7.344202360084750407e-03 2.205966833386731329e-01 3.506313255612045765e-01 3.388055929895700813e-01 1.365230931100632405e-03 4.460345163283317531e-03 7.679635268483009369e-02 2.669712547993462732e-07
1.239155429993787361e-01 1.299025951552698899e-01 1.253979851174811533e-01 1.269535342384450760e-01 1.225075008057777692e-01 1.260840923027190252e-01 1.217145474238948422e-01 1.235242019570329669e-01
1.225450198789469203e-01 1.305056926291820185e-01 1.262399113469516720e-01 1.253878890322374928e-01 1.224315692500554387e-01 1.273011866016105498e-01 1.216565774820228679e-01 1.239321537789932204e-01
1.641424454101894637e-02 4.087156639694557447e-01 3.869924951946799863e-01 1.706654834336815418e-01 4.254512900963078673e-03 4.045312026122798929e-04 1.255305286061928795e-02 1.589696966365483063e-08
5.957119972197597903e-03 4.822187744316185909e-01 3.446153138185994447e-01 1.500808492717371767e-01 1.526605232700982591e-02 3.731771054650679753e-04 1.488708364574300915e-03 4.708799080831822905e-09
9.244052192814539159e-02 4.678622295608775294e-01 3.210989408829894587e-01 1.154563531801399007e-01 5.382412765442221589e-04 4.893534813412405224e-05 2.554776996521030980e-03 8.266484556789711238e-10
4.549252417138276734e-06 1.338663342500298788e-02 8.801249871554522874e-02 1.598961490884275860e-01 3.078759059832215650e-01 2.265410031510222133e-01 2.033702967446737175e-01 9.129636396879239760e-04
4.693163823296766027e-03 3.494982049216111553e-01 3.802274100387131872e-01 2.294801966650725500e-01 1.065492805595292213e-02 8.738401390477793353e-04 2.457221204747169624e-02 4.430883315145739844e-08
2.316128090210558184e-06 4.968856514732276214e-02 2.886504636559275236e-02 8.727623688673255553e-02 7.446817856011160863e-01 7.649771040065479755e-02 1.292519783672599516e-02 6.314163376834719377e-05
7.952968277794979501e-01 1.301301323255664444e-01 6.937991456351116915e-02 5.183485975569441032e-03 5.908382352746899445e-07 2.447724998596248530e-08 9.024040316239679454e-06 5.270020504464675025e-14
2.520570423841256291e-02 3.967672807820490366e-01 3.643780474456392859e-01 1.980671191799341924e-01 2.417419696233624217e-03 4.400736627741783395e-04 1.272434100568902229e-02 1.398926838587857599e-08
1.339696941439662053e-10 3.766335984853668529e-05 4.547895116244774698e-04 8.272257238510263497e-03 5.330943403956042020e-02 3.131124253442951755e-01 5.444382782414672883e-01 8.037515213072568554e-02
1.291973790535225042e-05 4.321476763616798750e-02 8.671068085006090886e-02 3.007975204733502328e-01 2.320098626099254824e-01 8.220468021868744535e-02 2.548385115751875540e-01 2.110568987155589968e-04
1.889075124063006695e-13 1.459827159950739566e-06 1.383743283309741710e-05 5.837992542968745450e-04 6.362762179081118963e-02 3.616873670435979404e-01 1.881965313793929895e-01 3.858893832717155137e-01
1.228227401091638443e-01 1.301449597833389538e-01 1.265584379420822136e-01 1.277112049794529303e-01 1.249503433894841170e-01 1.266962815104798468e-01 1.188231597398425321e-01 1.222928725461553401e-01
4.374745245360617818e-01 3.100271222786312730e-01 2.144346499300751885e-01 3.610380010258424505e-02 1.325270586862617152e-05 1.652272909738400894e-06 1.944998147181253596e-03 2.668752840715116882e-11
1.287794641262568398e-16 3.437747468478175178e-09 1.233206954100543689e-07 1.267488568021494151e-05 2.078347385218681960e-03 7.291160211095808197e-02 1.726318641110912572e-02 9.077340624485913390e-01
1.077917557254331994e-05 1.871426117504068620e-02 8.224456661074605601e-02 2.233791597205742885e-01 3.153947931751612671e-02 3.002862045983829137e-02 6.139782610029125287e-01 1.048725378005404375e-04
4.277100276940637436e-01 3.911615363489882036e-01 1.511528665723129994e-01 2.980929933364132034e-02 9.485784415664937075e-05 2.331909283626454101e-06 6.908029143969481511e-05 6.114477429668160810e-12
1.178049895882050209e-03 3.549366330538313297e-01 2.682352624276239106e-01 3.089752938607299160e-01 3.396596618041166499e-02 3.397043852386228639e-03 2.931081795798852821e-02 9.327711453266199593e-07
1.228594959504529932e-01 1.295536915696543501e-01 1.263591242358355626e-01 1.274695388721684419e-01 1.230597404197726341e-01 1.272217377971813779e-01 1.208278879439013409e-01 1.226487832110334658e-01
2.316812413943350169e-24 2.413299169409707198e-14 2.069346290690885705e-12 5.164674284850133147e-09 5.884829096167419931e-06 1.314872440988672144e-03 1.059123593478290658e-04 9.985733252038035968e-01
2.346641126635143037e-12 1.613270089519906132e-05 6.614931221822391294e-04 1.555470586297783182e-02 9.588956168261432433e-02 4.080794992688267508e-01 4.492815661338860345e-01 3.051704122627174956e-02
1.003285972767939334e-04 1.172977938852017149e-01 1.702503636360380712e-01 3.484009784732682857e-01 9.465870781946976453e-02 3.828947020278422597e-02 2.307928006769209561e-01 2.095567090409806163e-04
1.231265998154709024e-01 1.295118502794866400e-01 1.261729567783130557e-01 1.262939435930209020e-01 1.236692638702248798e-01 1.254076943335263872e-01 1.221787059216339899e-01 1.236389854083232154e-01
1.231265998154709024e-01 1.295118502794866400e-01 1.261729567783130557e-01 1.262939435930209020e-01 1.236692638702248798e-01 1.254076943335263872e-01 1.221787059216339899e-01 1.236389854083232154e-01
1.460633039782673233e-02 3.959766059918660708e-01 3.595677122480743226e-01 2.133949924567817569e-01 4.214814140988156800e-03 5.274276109028302930e-04 1.171208232346185839e-02 3.483009812165933528e-08
3.690735873847585981e-05 1.071040046331893786e-01 1.837197746374219232e-01 4.057786223369742040e-01 2.096860482024797967e-01 2.249264035319566493e-02 7.117566759387113084e-02 6.334884130120774124e-06
1.202751026888479355e-11 1.915908524266479859e-05 2.452292382553602850e-04 1.117445380180708686e-02 8.033709045679821026e-02 4.132968437327250166e-01 4.268372291733706914e-01 6.808999449977151674e-02
5.156089666271221339e-03 4.111359159487261716e-01 4.054482145843013030e-01 1.698599824110578749e-01 3.684560597731085900e-03 4.063656507287583702e-04 4.308869034576490870e-03 2.106606234933347344e-09
8.557592003015854210e-04 2.069482062244069331e-01 2.432885622915608170e-01 3.343821884275107736e-01 2.379622052022551532e-02 8.304541313245391784e-03 1.824137854396221947e-01 1.073658312720257654e-05
8.279374220861184949e-12 2.195637181885326501e-05 3.299278134801517711e-04 1.172251353807369535e-02 6.659475820516748412e-02 3.799039915304900927e-01 4.960932690093459163e-01 4.533358352334244251e-02
4.527441048626903997e-02 6.169204120423283921e-01 2.786831550183206385e-01 5.798165138358182813e-02 7.348551820379029507e-04 9.500552249532176442e-06 3.960153222943867037e-04 1.291860334328795179e-11
4.938994384466150742e-14 7.784581584841937969e-08 8.050867172107253216e-06 3.247046524337529518e-04 8.857902513869255054e-04 7.986676697353560506e-02 7.706425578904052553e-01 1.482720515192110788e-01
5.831961439179561297e-05 5.696203178276909584e-02 2.372429550080288330e-01 3.757972164438277418e-01 1.951953708258209741e-02 1.307772332462041505e-02 2.973364101427267703e-01 5.806601054315529335e-06
7.044018834189091915e-03 3.512801549330158424e-01 3.522954880797158905e-01 2.484127468240861225e-01 4.616285216559971698e-03 1.117816677320361681e-03 3.523273252121440768e-02 7.569138985109130399e-07
2.167562580594247779e-01 4.858106423128804030e-01 2.622391914914823374e-01 3.447966549581302914e-02 5.064262377693413584e-04 8.565484958341603570e-06 1.992508863678360532e-04 3.130407173954197260e-11
3.362649654606527402e-04 2.349105086742825643e-01 3.001463669590376249e-01 3.636682973708954547e-01 4.017344094131881233e-02 4.232942657358888632e-03 5.653179791906537410e-02 3.805125795483832605e-07
6.128084077436655178e-13 4.469024798879463581e-06 1.326828807438369600e-05 6.025620169382649811e-04 3.437932215410735015e-01 3.810104215202252398e-01 6.722440524021123034e-03 2.678536170842583664e-01
2.771114599929349445e-08 7.447917381669723899e-04 1.090111385892393418e-02 2.985059942515708512e-02 2.816650808365238623e-01 3.786473239261629042e-01 2.852969187540002061e-01 1.289414374992033617e-02
2.403771969682369416e-03 2.844265190016591616e-01 2.990890479029604809e-01 3.163545084660453477e-01 1.569682536187645694e-02 5.167847123796829277e-03 7.686048446986779026e-02 9.957041119429086454e-07
1.412590931290739044e-05 4.441720478011906836e-02 1.421155291206756821e-01 3.501932808363257821e-01 1.593746313317033481e-01 4.282215818666008228e-02 2.610204238434692403e-01 4.264599173415926117e-05
3.490488610582178977e-17 2.076800628016817419e-08 1.426426397157715578e-06 1.311974275353512492e-04 4.117313989918891526e-02 1.886148421591253566e-01 1.630442099112144189e-02 7.537749523286221276e-01
6.985975081213400542e-04 2.135315683446808444e-01 3.814859287354033235e-01 3.350084068054311470e-01 9.632914199001533367e-03 1.472794096867326152e-03 5.816973904786111593e-02 5.126263217617680038e-08
2.966267482024463023e-06 9.430995592951936859e-03 8.677665479696744510e-02 1.817891571224516112e-01 1.095224922950672058e-01 1.997059702881037457e-01 4.122103619169267819e-01 5.614017200501541594e-04
3.337987731499766626e-04 1.736727212143185373e-01 2.926187874724748839e-01 3.422604924931574311e-01 4.144242150554434262e-02 8.810017926381710773e-03 1.408591844239672486e-01 2.576191006662332951e-06
5.082156498958852920e-06 2.701525413180417071e-02 4.494656109299963176e-02 1.898723340794989667e-01 2.340552300285476395e-01 1.377674536199133271e-01 3.644797271340443068e-01 1.858357756692564661e-03
1.890058227537424934e-07 7.837376780682549920e-03 1.245678083345384650e-02 8.010377108438761218e-02 3.216697328715582560e-01 2.632167593411516293e-01 2.987171575005180268e-01 1.599823258242551866e-02
2.432696896656037430e-02 5.383175831162773095e-01 3.353799937675586151e-01 9.817222308861818514e-02 1.820457085732132265e-03 4.322985975263832041e-05 1.939543904558173543e-03 2.109423314512957372e-10
5.867695876776435338e-03 4.050492700042923055e-01 3.846475237036842132e-01 1.868480750258535161e-01 6.189603704478958794e-03 9.036302704851444751e-04 1.049418379671820598e-02 1.761771090756579903e-08
8.784225918897527186e-03 3.426043527564891500e-01 3.603016990759811966e-01 2.474083284139525496e-01 7.994742412517357941e-03 9.419078497946328484e-04 3.196452484741739430e-02 2.187249450753476906e-07
2.871790180535108150e-01 3.417550487572674212e-01 3.097022647991121702e-01 6.104676606004060674e-02 5.648799994308105824e-05 4.398416292136619973e-06 2.560159091644365601e-04 4.669111072780594342e-12
2.559877385512395959e-12 6.237795465420609224e-06 1.710203101176299527e-05 6.506651259440575158e-04 1.918523653705534460e-01 3.406449180889624673e-01 1.385597268610968061e-02 4.529727388993920467e-01
2.045504107395484591e-02 3.910371151213536955e-01 3.678050357225389200e-01 2.063847616919942396e-01 2.076279439515070924e-03 4.346301083613811518e-04 1.180712451454365985e-02 1.232773800422788767e-08
1.238456126817388397e-01 1.305304846968649013e-01 1.256755615461165876e-01 1.267689263278328760e-01 1.224796313568113498e-01 1.262602482988669783e-01 1.210512634936434101e-01 1.233882715981252931e-01
2.507607975882218278e-09 9.730646732862034210e-04 8.801879729773144992e-03 6.849768916485199366e-02 4.259416835829543113e-01 3.151122007429596472e-01 1.777316170562160957e-01 2.941862542350693818e-03
2.195885930209244254e-06 2.308636596706170607e-02 6.163990872252253506e-02 2.471590339097205491e-01 1.232070259469838364e-01 9.730125001387322781e-02 4.465728002076956304e-01 1.031419346209913167e-03
3.711820387410992887e-05 1.520450514160516797e-01 6.661476579576654233e-02 1.665769441636100190e-01 5.719077607216280779e-01 2.982261375130281639e-02 1.297234638193276064e-02 2.339956583379426238e-05
1.235301234666705606e-05 8.655770340232409044e-02 8.796032558872503293e-02 2.360474819892789400e-01 4.090460074586151906e-01 8.625687210847547692e-02 9.394372108386120357e-02 1.755353563739384083e-04
3.142382802178722723e-09 5.612402544399685113e-04 3.012382361492684391e-03 3.772200681980472647e-02 2.507944924808403475e-01 3.903197821591339878e-01 2.992536788232897371e-01 1.833641395861441981e-02
3.957923108058571757e-10 1.246064917872266435e-04 3.701128086296259561e-04 6.865814644521380308e-03 3.258446327218759708e-01 4.441707047443591572e-01 8.359212716047154101e-02 1.390320010325634958e-01
1.012979536199803401e-09 4.185800095414370786e-04 1.117761722468722102e-03 2.804878314827511515e-02 3.530343517600071923e-01 4.166248410857578688e-01 1.676971848425815315e-01 3.305849641838869146e-02
2.786583894165352467e-04 1.413644670664101766e-01 2.634690964051968343e-01 3.723720443659154777e-01 1.096064234858334929e-01 2.258421895056506382e-02 9.030879246545786554e-02 1.629887120412788087e-05
3.410617379307964020e-02 4.801725134069453893e-01 3.454555353283393915e-01 1.280918540170951081e-01 9.602377885066579319e-04 8.525132823105466859e-05 1.112843317724749280e-02 1.160555350243548792e-09
2.226479251959905221e-07 7.564302654529893137e-03 2.382411912852845648e-02 1.657939115457272017e-01 1.869603578273886513e-01 1.393479301911455526e-01 4.757211644131881245e-01 7.879915915646247982e-04
1.913483134115099725e-04 1.448778653988150311e-01 1.879608029795148127e-01 3.617410009958532680e-01 8.700823186616428451e-02 3.433829835043452489e-02 1.838573414382032034e-01 2.511065760393901356e-05
2.109009496118947099e-04 1.582250327180085847e-01 2.165643829916858998e-01 3.478667420742445615e-01 6.520742685896220581e-02 2.362943247982124753e-02 1.882702507238342982e-01 2.583120383116661322e-05
8.629649201264961711e-01 1.195081297191280395e-01 1.372943715829973675e-02 3.794298030798751772e-03 2.931714151977550568e-07 1.572814686582767315e-07 2.764512365668990248e-06 2.824797469967767273e-14
5.358671231885993036e-01 3.295841441280879525e-01 9.295699594173884028e-02 4.111670524027544182e-02 3.814483364761799273e-06 9.841072758292791512e-06 4.613759316368649640e-04 1.353849412766818412e-11
1.303546226706242907e-07 2.868471967345390464e-03 1.494900615639641744e-02 1.196915561010759993e-01 3.203060313299374573e-01 2.362047316580497547e-01 3.022945970798607274e-01 3.685475352712044590e-03
3.678745628744650286e-03 2.448496315662036238e-01 3.302584252722295388e-01 3.196996020714707454e-01 6.706352838195789312e-03 1.222750148390356999e-02 8.257730538794980091e-02 2.435751302376292476e-06
6.266908655337859986e-08 2.476884504224628140e-03 6.302918981737144939e-03 4.549640618326111774e-02 3.205090961045873876e-01 3.082493449099666383e-01 3.068674368622802406e-01 1.009784978485567947e-02
9.940752148805935828e-01 4.448115784006024045e-03 1.436196417027562483e-03 4.043957960981870131e-05 5.693183549715017331e-10 1.689133773248031878e-11 3.275255292437093812e-08 1.574937855038106938e-17
9.203405351169992830e-04 3.477006127731062102e-01 2.915887573404079558e-01 2.926494096274293577e-01 4.306083907413733175e-02 4.727042941876301654e-03 1.935070827472819277e-02 2.289433201084156639e-06
9.467729308315500983e-05 5.495940369178073381e-02 1.887248947849246017e-01 2.725916142156281086e-01 1.121826668056426918e-01 1.181067549855495669e-01 2.530908707566071336e-01 2.491174667831268881e-04
3.931813309664507604e-06 3.286214081024469574e-02 5.603116662720570434e-02 2.616907202856896264e-01 2.178446178790382215e-01 9.044001639547917526e-02 3.408291047228815263e-01 2.983014661515543710e-04
1.053735293998317307e-01 4.924463408637589912e-01 3.107189103909290817e-01 9.007110369239376690e-02 7.353072478239426136e-04 3.737343984975395286e-05 6.174348501931522463e-04 1.152190105311412026e-10
8.692468111301580303e-11 1.093691925428243655e-04 1.677387135245886774e-03 2.365027643744239960e-02 2.837096359787875111e-01 4.603478480432780517e-01 2.102516385355861217e-01 2.025384459019363009e-02
1.221287554589329249e-01 5.842886454367064442e-01 2.582170922453944084e-01 3.458848737835189951e-02 6.744300339886508209e-04 7.395080972562783667e-06 9.519435360562095020e-05 1.204608152179313262e-11
5.004735632345415197e-14 1.875418024087744169e-06 6.501192037622879575e-06 7.084127877151686530e-04 3.474442260491540369e-01 3.829980517072140156e-01 6.407124509392543056e-03 2.624338083364123331e-01
2.205537461788860441e-19 2.289058863620825752e-10 1.410941610974586458e-08 1.714349085258178301e-06 4.915070296133626851e-03 4.318369926104605877e-02 3.193085454757068936e-04 9.515801932099396954e-01
6.688837222865682013e-05 6.002522985761268165e-02 2.400159715088872048e-01 3.452238144589655500e-01 1.382279998831394130e-01 9.571208313186158056e-02 1.206642936478839190e-01 6.371913943714054918e-05
4.638782045861516434e-01 3.170592096770040724e-01 1.859627892243585212e-01 3.288716875424147618e-02 7.126090832710572931e-05 3.333739851948616108e-06 1.380331051878671222e-04 4.877938870609859533e-12
2.127925493522278000e-01 4.467328237175343109e-01 2.868966873273484652e-01 5.315874588224053093e-02 6.911884024340856725e-05 4.093353116570232986e-06 3.459814658538652287e-04 6.143135326048156644e-11
1.223741526191296086e-01 1.303751095971675544e-01 1.275064102124274790e-01 1.263882256902259804e-01 1.232688801821150010e-01 1.275414452058644954e-01 1.195975702843442012e-01 1.229482062087257910e-01
2.849432685637602325e-01 4.651901495382659291e-01 2.078787048232619561e-01 4.021075485696665869e-02 4.767766460342407012e-05 3.010884679677971370e-06 1.726433661467185587e-03 6.994934088874985315e-12
1.034925336721462946e-02 1.827516576479863430e-01 5.018390592216047663e-01 2.667049418212086298e-01 2.860196898167000046e-04 1.407059898411351390e-04 3.792834021554798707e-02 2.204678266491369241e-08
2.518301096395909813e-06 2.561270233697348145e-02 5.832925296119040315e-02 2.303842113544612158e-01 2.255622983886043931e-01 1.254092605911714398e-01 3.332476668221249771e-01 1.452089244376485785e-03
4.064256252682518723e-07 7.665676246738625799e-03 2.248354686993596016e-02 1.183417698223171166e-01 3.608456143620938916e-01 2.186432463205738308e-01 2.704579064558786383e-01 1.561833496837069634e-03
5.010244404919075896e-07 8.861308343843563029e-03 2.051312691154159873e-02 1.452432201252010224e-01 3.154318389368073183e-01 1.915673516062299797e-01 3.163500103741228031e-01 2.032642677813225121e-03
9.999905498711165741e-01 8.245195249992523010e-06 1.204015904941862225e-06 9.176983990079862298e-10 9.515697244830829657e-16 1.319279760757758611e-18 3.058519066742325388e-14 1.537067711857387919e-28
8.592893079698242786e-01 1.257626649851167067e-01 1.200590141391440213e-02 2.940584702410337353e-03 5.432661596042836907e-07 1.243247104343948947e-07 8.733378450520441677e-07 1.832715940330021173e-14
2.386710103337641959e-16 3.809903131371091664e-08 3.858918344263080349e-07 9.390445315628226115e-05 2.896703560381190187e-02 2.071248549150496165e-01 6.630580662770109261e-03 7.571832003743472761e-01
2.407910109828274164e-03 2.425935099551995711e-01 3.699460522105660898e-01 3.389899875988032774e-01 1.363280541224908167e-02 9.373810031449832103e-03 2.305528793796523743e-02 6.367439403002531899e-07
1.493366824514400128e-05 4.947588568400811820e-02 1.119365766221680630e-01 3.289180556043496129e-01 2.092920797001221189e-01 5.508676144020337173e-02 2.451902598065318073e-01 8.544747437143133376e-05
1.151530675736914764e-14 2.369862181727611562e-07 5.497447032891068089e-06 2.121266216205985639e-04 6.755865717432454898e-02 2.530347861030205481e-01 1.090930873520248347e-02 6.682793869325694969e-01
1.081711567591673922e-03 2.433289195484122369e-01 3.057832121552357396e-01 3.365159156240095650e-01 3.182071167241493775e-02 7.221632502501634451e-03 7.424510080778806698e-02 2.796122045904929376e-06
1.231678513933123498e-01 1.291308646137403204e-01 1.258823170827442495e-01 1.280933263094433949e-01 1.247707638706195693e-01 1.262477026862500185e-01 1.200211650193931529e-01 1.226860090244970558e-01
4.085261423014901449e-13 4.812735587178390348e-06 2.007704726988643893e-04 6.319917307123374024e-03 7.163025915798751364e-02 3.994858889506592292e-01 4.147345748285818923e-01 1.076237765469532232e-01
3.852500490858799531e-01 3.071583756311548341e-01 2.509293488414450768e-01 5.561505974748987002e-02 3.896701712846422326e-05 5.888053686948300319e-06 1.002311606425031589e-03 1.678986282161274883e-11
6.240546726433160892e-06 2.953518316250030099e-02 1.291532844956461978e-01 3.366157487806356596e-01 1.018696632970412103e-01 4.113361169571892045e-02 3.616521608049926839e-01 3.410721673786219250e-05
3.959427700210633219e-05 1.123506183378654155e-01 1.349038035179270512e-01 2.898527349227697503e-01 3.104512477722956576e-01 5.941733606147293206e-02 9.289974951377812096e-02 8.491559688609989537e-05
1.235300055149121945e-01 1.291550328845370854e-01 1.257686103593476379e-01 1.263963146171779295e-01 1.238006579981618255e-01 1.252578591045740986e-01 1.226957907536185000e-01 1.233957287676708398e-01
