ptid,p1,p2,p3,p4,p5,p6,p7,p8
2,0.001938812679325034,0.3146285125611094,0.3365960129713923,0.2673597622327669,0.011872439827869138,0.001870034642512871,0.06573423088735439,1.9419767019438456e-07
3,0.10633244727679085,0.27840905729075843,0.10633244727679085,0.10633244727679085,0.10633244727679085,0.10633244727679085,0.0835962590484966,0.10633244727679085
5,0.0063786225259471144,0.40900220884769806,0.3591105842737629,0.19919787319601598,0.008114245784488387,0.0005771269778625983,0.017619314619857666,2.3774367169628558e-08
6,4.630886191602063e-07,0.014107960717866722,0.02062435945548242,0.10171967730410501,0.5434227571776703,0.18981393972843713,0.12666718029415505,0.003643662233663684
11,2.4779490466940738e-15,7.604655198201017e-08,1.5654374257185323e-06,0.0001679607714048276,0.014579389186317928,0.18413755810829868,0.03030955722516549,0.7708038932248327
16,6.756798928006576e-06,0.008971469096432287,0.057244525694764105,0.16099857565579637,0.005060037150749167,0.011090241346349025,0.7565312821737403,9.711208323954808e-05
18,6.766550672752103e-07,0.00599287509360652,0.03824002512836352,0.07870246456697944,0.35151280001611745,0.29675916566495186,0.225437383808527,0.0033546090663884123
19,0.6863853709951939,0.24561837841373715,0.04853772907662217,0.019333567749651226,1.076319398597072e-06,2.2881389998486426e-06,0.00012158930479455287,1.6024368232125513e-12
27,1.291010891682731e-08,0.0038178845831173714,0.016244825381084616,0.0777206968029984,0.7268347614562577,0.1449978363271423,0.030025902627510037,0.0003580799117764311
32,2.696160842115039e-12,3.976134505550374e-06,7.526504087217364e-05,0.0041772964040476404,0.04740193005064097,0.3577012746337491,0.35421553096700265,0.23642472676648657
39,7.564387812647363e-11,5.7074419885456695e-05,0.0004237245382381243,0.009005262855377678,0.14099475257767366,0.47586286753780593,0.27747404783617846,0.09618227015919686
49,0.00025029125412188557,0.13139851011078252,0.29366455222503407,0.4523312931953855,0.01041403284010406,0.005455373288423785,0.1064854953980762,4.516880729544494e-07
52,0.11395848707572018,0.18689988132882693,0.11395848707572018,0.12934919621685229,0.11395848707572018,0.11395848707572018,0.11395848707572018,0.11395848707572018
60,1.4914992119833055e-08,0.00047092950312117464,0.004708961574297367,0.012808860402679662,0.37456904522207674,0.3632068537769147,0.19489877575576933,0.04933655885014816
63,0.0003303248540944485,0.17213184498889372,0.23055563138808766,0.35672963691932214,0.05210216554534997,0.018032043249737027,0.17005761914823334,6.073390628150882e-05
66,0.06711671466516068,0.6337519341524579,0.20156762562255356,0.09667394788104273,0.0002816637415430209,0.00012999364714671118,0.0004781199373479795,3.527465823261344e-10
77,3.539978116033149e-20,2.4781099017236423e-11,6.074460689821209e-10,1.6447778652655357e-07,0.0007679634538814812,0.01780638136907825,0.00020492793839899613,0.9812205621286267
99,0.5570661548136268,0.2662848028349494,0.13866557418630726,0.037791286751613355,1.6856521891386392e-05,1.0015010106532607e-06,0.00017432338784072036,2.7600083241976085e-12
100,0.209590280977558,0.5940611202257158,0.15959340206455647,0.03646881637582234,0.00023214050900467192,6.249007385541424e-06,4.799082288838538e-05,1.7068883551346284e-11
106,0.11395867790353827,0.1868985197617723,0.11395867790353827,0.1293494128169978,0.11395867790353827,0.11395867790353827,0.11395867790353827,0.11395867790353827
109,1.1497837930361236e-06,0.01888205710834838,0.0355823207821414,0.16353367955155534,0.22313300546130235,0.15755996377002168,0.3976547302372775,0.0036530933055615384
110,2.3600414310947337e-22,1.4134308363954861e-12,3.351244500870866e-11,1.4924849793353873e-08,0.00039828102638164096,0.005883792592442902,6.06570363892877e-05,0.9936572543850095
113,0.12499999999999997,0.12499999999999997,0.12499999999999997,0.12499999999999997,0.12499999999999997,0.12499999999999997,0.12499999999999997,0.12499999999999997
137,0.9990038549990956,0.0009157949108293292,8.012391949798767e-05,2.258838323376763e-07,1.3660231631297713e-12,5.514165732754385e-15,2.853723925544804e-10,1.608402324114334e-23
139,0.00039345539680570897,0.20802279243938313,0.404161539648006,0.3354761210023923,0.015486409033150472,0.003528545925348692,0.03293104480391767,9.175099478741941e-08
154,0.06253662625048131,0.4968728828667423,0.3172494371429999,0.11449269135028932,0.0006388465803928276,6.067220714656346e-05,0.008148839614841238,3.98710650554813e-09
161,1.152255868236189e-08,0.0016641312860547648,0.002175708580938271,0.020262012406688925,0.36182613392655727,0.3732431067412086,0.21337134559297857,0.02745754994301481
165,0.12274154645717442,0.1408091747997793,0.12274154645717442,0.12274154645717442,0.12274154645717442,0.12274154645717442,0.12274154645717442,0.12274154645717442
166,0.00012176770845947532,0.26262000706101557,0.18714440459289064,0.3211074756366314,0.05404411595039276,0.011684285437894845,0.1632729391523743,5.004460334289288e-06
171,0.006198412215411398,0.6396885370917662,0.2349222568342454,0.10580678187751869,0.0031208031851980567,0.0002238552628611558,0.010039344562190284,8.97080867403641e-09
175,0.012192751621273479,0.2524335764598692,0.3388818263090179,0.3230886934691389,0.0010283231371132498,0.0031084036793536996,0.06926625294966869,1.7237456511579194e-07
178,1.3016274573534862e-05,0.04920325859510636,0.17065377826527633,0.3821902299466841,0.055705819588049675,0.02163411334123461,0.3205915710873868,8.212901688757543e-06
191,0.0011607226146061408,0.27665397831948013,0.3268269509538861,0.2929997379331365,0.018562774034067878,0.00304545759858399,0.08074994400479345,4.3454144611019716e-07
196,0.12126018114649477,0.15512208729931137,0.12126018114649477,0.12168845750021247,0.12126018114649477,0.12126018114649477,0.11688854946800259,0.12126018114649477
208,3.757302109429983e-28,2.169335525391454e-16,6.549346410108485e-14,7.420615292575899e-11,4.066048825906579e-06,0.00010676399073020512,9.965323133294631e-07,0.9998881733538578
219,2.1727602249424221e-13,7.385345013387659e-06,0.00017482521178406734,0.005079534851456863,0.39657089686956765,0.4645365002160828,0.05088376012084503,0.08274709738503262
230,0.12282739780111793,0.14655201199248882,0.12282739780111793,0.12282739780111793,0.12282739780111793,0.12282739780111793,0.1164836012008033,0.12282739780111793
232,0.04930791523073678,0.4838469904420701,0.3312469625426861,0.130459148727168,0.003199832325371619,0.00019102759570888172,0.0017481207563074565,2.3799510179728515e-09
245,6.870045702898331e-12,2.9887624813718156e-05,0.0004873571122706168,0.009655512428412071,0.25795102271133175,0.5392980899977563,0.134343822400636,0.05823430771791042
246,8.140592915689557e-09,0.0011087129002029033,0.005524065556036678,0.07619368238326753,0.3110416691845332,0.32720608437890464,0.2719729428879472,0.00695283456851538
255,2.1264230673227814e-15,1.8182697964586705e-08,2.0346456473750506e-06,1.584166475555526e-05,0.05946797904151184,0.07665013147600629,0.008714751965998463,0.855149243023382
256,0.12499999999999997,0.12499999999999997,0.12499999999999997,0.12499999999999997,0.12499999999999997,0.12499999999999997,0.12499999999999997,0.12499999999999997
262,0.010691925521443773,0.3874651197203203,0.3354547497411451,0.23372948133629182,0.004555930379428119,0.0010634657824303625,0.02703925910326802,6.841567412863877e-08
263,0.053207321691256707,0.41322761767188276,0.37388099648105466,0.14623659589953492,0.0004081333334130005,0.00010127046763534073,0.012938037783437759,2.66717848236222e-08
275,0.0024437686536954908,0.46662550512431383,0.29716537188319403,0.21265412940270573,0.012204243763446853,0.0011381514273961903,0.007768582910109479,2.468351372386605e-07
279,2.974046158076617e-09,0.0013937517916134212,0.001196336617572126,0.010973643622243082,0.6919037404644548,0.2593625009291786,0.028726232728747227,0.006443790872144047
280,6.11657426768569e-14,6.770885191810518e-07,2.7846419602533994e-05,0.0012370885261031202,0.05636822492026354,0.406042263146325,0.12673924124816952,0.4095846586509575
286,0.2168407806808111,0.4121157697329039,0.29029674941449396,0.07893767022073508,0.00014670831564082238,1.8542603850014902e-05,0.001643778939087143,9.247742292492339e-11
287,7.41481346653605e-15,1.4928344463888407e-07,7.044320017512597e-07,4.450713422205616e-05,0.027046780533275198,0.12145011504945767,0.02126241866608572,0.8301953249015054
292,2.635519238733187e-05,0.08157089213989048,0.20364842678104167,0.36487636790049227,0.14172325999963692,0.04711495761574142,0.16101167627058496,2.8064100224439927e-05
294,1.1346851270432448e-08,0.0018934637350858472,0.0035272942108760794,0.031086309666216377,0.4291742677376753,0.34320281686532184,0.18223612111198903,0.008879715325983617
295,0.12274154645717442,0.1408091747997793,0.12274154645717442,0.12274154645717442,0.12274154645717442,0.12274154645717442,0.12274154645717442,0.12274154645717442
302,0.4862486030316244,0.3169654492843367,0.1523750768158167,0.044224186683271695,3.898816193425892e-05,1.6652344364114286e-06,0.00014603078364179093,4.937633167142241e-12
309,2.9190307091377003e-09,0.0001978390666887462,0.002104095080542923,0.006215991727772164,0.3986818396727451,0.36103945702598,0.13459894890198684,0.09716182560525365
310,0.1284894786405382,0.40759238501840134,0.3249014129943483,0.1376804833562821,0.00013819894611826066,1.1626628986913282e-05,0.001186414363793552,5.153022450325999e-11
318,5.154300729169649e-10,0.00032060598607306176,0.001689967507560873,0.025014372728720684,0.3902342358261269,0.4108469109253945,0.1513918727847438,0.020502033725948634
337,9.17444876330068e-13,5.367750253577165e-06,3.513186960390912e-05,0.0012268721164981945,0.08537555833538883,0.4112921251986931,0.19211183913015217,0.3099531055984961
346,0.01877606086921361,0.4826545461127606,0.29147860868837655,0.1981163463902304,0.0014406803718089642,0.001228138271017123,0.006305595333492279,2.396310095319618e-08
364,5.784735994370577e-10,3.908391576060691e-05,0.0006079054227937373,0.007118704907144517,0.0030788692169194873,0.03245494146260723,0.9556614166742164,0.0010390778220854362
370,0.06913447217122126,0.5838143913794432,0.29196201369711433,0.05394663255502786,0.0007677807656560861,1.8066263893168252e-05,0.0003566431081538086,5.948791163597027e-11
373,0.10559725638322154,0.5528575100143717,0.26607888598992757,0.07089984752508909,0.00020873341103194587,1.5245942634090207e-05,0.004342520646974224,8.675009649993969e-11
374,1.7648074083730193e-20,2.0558249206722565e-12,4.614830557092941e-10,5.653520303053581e-09,0.0011844188307095637,0.001149676602699514,4.301877135207479e-05,0.9976228796781729
376,0.0009362330038490677,0.13356436381263131,0.3413275671255979,0.40506818688067153,0.004599783425339754,0.011838118990035909,0.10266486881348713,8.779483857048431e-07
382,3.699239997393682e-05,0.0965236053905288,0.21575146080480867,0.3653945153417539,0.11074752549935572,0.04026424150839732,0.17126045408513849,2.1204970044242156e-05
384,1.3599713926568933e-08,0.0031795314119671043,0.0031798441243919805,0.025170078144665653,0.7123120439812844,0.21441699003994866,0.033962676096461586,0.007778822601566832
390,0.9487092250915027,0.03648493320952729,0.014021771831904362,0.0007780832907418036,4.0985738327091947e-08,1.4203491505349428e-09,5.9441702347787596e-06,1.7866549330767345e-15
398,1.5076185954669578e-09,0.00011062555992386643,0.0027346399628444037,0.009743538752749793,0.3346045166107766,0.38965863526046496,0.21768036925790493,0.0454676730877191
404,1.6110072489177942e-14,4.778542706059398e-07,3.751305494402915e-06,0.00021747168898552803,0.04012113969632311,0.2780235599726155,0.07461775909881652,0.6070158403834806
405,1.4486683076737644e-14,4.5906197059192397e-07,3.3469516504219135e-06,0.0002253549190721772,0.0403208428228399,0.28034364944546536,0.10839059671491681,0.5707157500840699
407,7.088977431955979e-07,0.06078054122566394,0.04728684154412052,0.2749680875958141,0.33874903511069115,0.10826297145330172,0.16976269091934745,0.0001891232533177061
413,1.0613881886575224e-07,0.005221973607209706,0.025923524307544268,0.13156094085995287,0.24199187567889666,0.18016673969992053,0.4138267326968741,0.001308107010783647
417,0.00011549012627409709,0.12783409379159832,0.1870688865162501,0.37669187038296525,0.14043606278021142,0.03247351069490751,0.13534997025304354,3.0115454749614198e-05
422,9.9362346541211e-13,5.3521095182415196e-06,2.15884360829005e-05,0.0008908051758716176,0.18626884719066225,0.4277506222860874,0.025224052802965902,0.35983873199781796
438,0.148361878028423,0.729367103109332,0.11212408092512591,0.009969075150034975,0.00017353019909651724,1.225625426825447e-06,3.106962457302982e-06,1.0233307657287016e-13
440,0.005778475575185157,0.27485759758129463,0.3808892341301935,0.32882751715799263,0.002156734966662262,0.00027185170198136955,0.0072185841262377435,4.760451414177324e-09
444,0.027135284382921055,0.7278115356146793,0.19500435554808898,0.04675305481376951,0.0004152890237344452,2.3178860558781025e-05,0.002857301468266531,2.879813296561705e-10
447,0.12499999999999997,0.12499999999999997,0.12499999999999997,0.12499999999999997,0.12499999999999997,0.12499999999999997,0.12499999999999997,0.12499999999999997
454,1.7949149001627445e-09,0.0006516070765621962,0.004811350112799423,0.043129501020367625,0.3306899989853305,0.34014548122714416,0.2664211686188919,0.014150891163989064
455,0.12282739780111793,0.14655201199248882,0.12282739780111793,0.12282739780111793,0.12282739780111793,0.12282739780111793,0.1164836012008033,0.12282739780111793
458,0.0002922238269751064,0.09570393331902946,0.2541626674243495,0.33468071769590435,0.09474750082274742,0.07037377169626369,0.14996599155834978,7.319365638125195e-05
465,0.00464948507427442,0.2385117539306526,0.3524001211143244,0.36771452716972675,0.0030912134120170865,0.0007378129138530941,0.03289502963952726,5.674562531192996e-08
468,1.1904840985039959e-17,2.2565833925985965e-08,4.688510189608451e-08,2.1287594058831574e-05,0.06109863991967518,0.15022142007990955,0.0003002118689203407,0.788358371086501
472,6.504931909267041e-06,0.045635716592230605,0.08200568095624328,0.2964406827978341,0.30230584996135507,0.09020788925909981,0.18313852596724234,0.00025914953407821635
476,0.0007980006069281334,0.08155561455115372,0.275251062193441,0.38785403556428594,0.008567071389261995,0.02005748864257815,0.22591093522848923,5.791823856796273e-06
479,0.12274154645717442,0.1408091747997793,0.12274154645717442,0.12274154645717442,0.12274154645717442,0.12274154645717442,0.12274154645717442,0.12274154645717442
481,2.835200688157159e-08,0.0026582049659890274,0.005711447754515461,0.06781563316735026,0.45702036530071566,0.29279024130363585,0.16702426089567785,0.006979818260112149
486,9.730020290811213e-11,9.24331205748347e-05,0.00032047825378257456,0.0070454373108170985,0.2939604506278091,0.4943026596155614,0.09771259258822874,0.10656594838592787
487,6.735427686496877e-10,0.0001920763124748821,0.002413566649412363,0.019785168676674857,0.006545391922490504,0.044772893396446946,0.9254648388593048,0.0008260635096524055
489,2.463857495050871e-10,0.00012717604029900182,0.0004890758414450568,0.01395929720294485,0.25838744185179724,0.45043714605533647,0.1887527743833745,0.0878470883784167
492,0.2396692811579548,0.4563430967791054,0.26673328243271793,0.03654074060724009,0.0001520678534409214,6.646557569348484e-06,0.0005548845849045761,2.706734908015304e-11
502,0.0034904974867861435,0.4962308588318349,0.28373582752350734,0.18803060481768027,0.021268876756903934,0.004370769020871024,0.0028723916635048164,1.7389890862513924e-07
503,0.43930735500266066,0.47729931470811215,0.0793322558439011,0.004023214020662495,3.6843443070828696e-05,1.028836526675441e-07,9.140979268258103e-07,1.3472412676308474e-14
505,0.6648578471394687,0.26690972926859274,0.06628730541116143,0.0019297442738105475,4.5223341227427515e-07,6.849859460069763e-09,1.4914823692689398e-05,7.511081115119194e-16
514,0.12499999999999997,0.12499999999999997,0.12499999999999997,0.12499999999999997,0.12499999999999997,0.12499999999999997,0.12499999999999997,0.12499999999999997
516,0.07236420117595943,0.5396246783120863,0.29405775170092374,0.09177058740571505,0.001552620240451416,6.221768997842957e-05,0.0005679432182357459,2.56649692076824e-10
519,2.724082255804304e-06,0.03864500580228837,0.04472576266160656,0.20089717064400364,0.2438281837889129,0.14123720844321044,0.3301115288947915,0.0005524156829309805
521,6.932227177001175e-05,0.06583193014801823,0.191270898960958,0.2761183034294189,0.10197503173118093,0.11572394957421923,0.2488266042974349,0.0001839595869999537
532,0.007250723450279398,0.2503390750174583,0.33578232146397563,0.3255612892016087,0.001355803696798988,0.004207423162094917,0.07550310408007745,2.5992770792014144e-07
539,0.12499999999999997,0.12499999999999997,0.12499999999999997,0.12499999999999997,0.12499999999999997,0.12499999999999997,0.12499999999999997,0.12499999999999997
541,0.12210165183512563,0.14694172396036811,0.12210165183512563,0.12210165183512563,0.12210165183512563,0.12210165183512563,0.12044836502887869,0.12210165183512563
555,0.01594720650903428,0.44329514735326747,0.36805775739139124,0.15801882383930138,0.004081872668351624,0.0003825591223791374,0.010216617633820587,1.5482454265743222e-08
562,0.005705948205667914,0.519088069159185,0.3220152727664319,0.1373073475175038,0.014369746098909298,0.00034681769427654757,0.001166794024642589,4.533381716595355e-09
563,0.0914579072452386,0.43006843372159764,0.30983934708214583,0.16551086436863596,0.0005284028879181734,4.72270305975527e-05,0.0025478168505430657,8.133227267470268e-10
564,4.599858261011925e-06,0.014811700938831497,0.08634650120213852,0.15765335116212384,0.3130583337281137,0.21948735585974974,0.2077296659033652,0.0009084913474151051
567,0.004582484942881692,0.3819398490023506,0.35983850701162146,0.2193341257730957,0.010333704444695209,0.0008260836199387539,0.023145201991904462,4.321351192646401e-08
570,2.2922546527078585e-06,0.054913405546628255,0.027968605031418965,0.0840818774468025,0.7462169342015802,0.07385352064299738,0.012900667119150073,6.269775677164922e-05
572,0.8021270082636031,0.12348894481441759,0.06920615016707456,0.00516790750931694,6.012012739229517e-07,2.4294476962608074e-08,9.363749784389029e-06,5.363380632060775e-14
580,0.024691423893809957,0.4176745017772211,0.3511482736460874,0.19103734876941783,0.0023902217354515184,0.0004243499238259346,0.012633866469983027,1.3784203567838802e-08
601,1.367306097863972e-10,4.64230510571183e-05,0.0004502703297329086,0.008115417385401101,0.05428046534983217,0.31196570693716175,0.5434440275565495,0.08169768925353325
609,1.386704067658179e-05,0.05217893647629462,0.09048410181736868,0.3080633620753784,0.24508647606000789,0.08536310410393955,0.21858233727040013,0.00022781515593394552
614,1.9049527699486183e-13,2.2251666972126706e-06,1.3585278718804788e-05,0.0006561714851658198,0.06403727463767019,0.3580127421706154,0.19049178421342855,0.3867862170475163
628,0.1257719837883515,0.14845964108912083,0.1257719837883515,0.1257719837883515,0.1257719837883515,0.1257719837883515,0.09690845618076989,0.1257719837883515
631,0.4166254918844854,0.35099055152408415,0.1973942563465964,0.03315165917109649,1.253536396484247e-05,1.5329039941415786e-06,0.0018239727805111512,2.52673540596699e-11
662,1.2945406108022032e-16,4.1726895265656885e-09,1.215512879870543e-07,1.2327769748411217e-05,0.002108812157750103,0.07211141817208454,0.017485186321552597,0.908282129854897
663,1.0765420986360013e-05,0.0225239599316328,0.0797091336730733,0.21467408234169827,0.03161129497135445,0.02926595147448388,0.6221005863748345,0.00010422581193761699
667,0.4382184178970443,0.36634633363587565,0.15066819455820313,0.04459680840993212,9.620224199187788e-05,2.3256385754526583e-06,7.171761213567955e-05,6.2422569696407485e-12
670,0.0011437673031510815,0.39140113297477547,0.25365362020494236,0.28986036841617097,0.03283657477067068,0.0032224408075735298,0.027881193000074116,9.02522640759735e-07
671,0.12432738570641592,0.1322527322371392,0.12432738570641592,0.12432738570641592,0.12432738570641592,0.12432738570641592,0.12178295352436577,0.12432738570641592
688,2.31623054613452e-24,2.687295338833965e-14,2.0275958513985815e-12,4.9162432439918925e-09,5.8498732705163135e-06,0.0012875083576736064,8.825475710038392e-05,0.9986183820936576
690,2.3706234676808953e-12,1.6204280200808664e-05,0.0006529661499598544,0.015080859631219959,0.0971669323539447,0.397806562656856,0.4583520702068649,0.03092440471858214
702,0.00010167481078003457,0.11418308899112344,0.17006768329726246,0.34215384590971043,0.09731185750450634,0.03800837562513958,0.23796076420695073,0.00021270965452704422
703,0.11480424203063902,0.18086537287001941,0.11480424203063902,0.13030917494614583,0.11480424203063902,0.11480424203063902,0.11480424203063902,0.11480424203063902
712,0.11587287079802994,0.1732406474118488,0.11587287079802994,0.1315221277999721,0.11587287079802994,0.11587287079802994,0.11587287079802994,0.11587287079802994
714,0.01377436346461734,0.34925019265352036,0.33067704874256487,0.2907288370218251,0.003952240233211292,0.00048471577983706096,0.01113256942481411,3.267960990034596e-08
716,3.2265304674224675e-05,0.24846180501642323,0.1574088079872116,0.3415018762788175,0.18308883873551787,0.01904416258391467,0.05045669413601508,5.549957425652227e-06
718,1.3239506308147335e-11,2.370217617336887e-05,0.00026316275878214025,0.011755538039025789,0.08672364736806197,0.4417028569383506,0.38420335825958923,0.07532773444677895
728,0.005172888605873595,0.4288009898503738,0.3942577945190069,0.16340996426582716,0.003695714019644801,0.0003909648462610042,0.004271681769374027,2.1236398773380408e-09
732,0.0008520212559470772,0.23357280440413458,0.23518907528005473,0.32066346692394804,0.023583383257085224,0.008067921894874583,0.1780606923990642,1.0634584891142364e-05
734,9.300386268167036e-12,5.9243507088502585e-05,0.00036349168629914346,0.012675443775281322,0.07474153636164836,0.41748393609839674,0.44399631312482724,0.050680035437158114
741,0.023305026685161687,0.8050610626001499,0.14185219180762298,0.0292354224237822,0.0003766805575224922,4.773612882358709e-06,0.00016484230618642285,6.692159313548021e-12
754,4.9097534512660365e-14,9.216040221298343e-08,7.826864798561778e-06,0.00031104470712538885,0.0008882560123391587,0.07762263472201444,0.7740312937977527,0.14713885173551428
764,5.023295889292824e-05,0.04501723677116893,0.1983903547467647,0.4700496309845539,0.01662857960614752,0.010961479589875278,0.2588975156066482,4.969735946895629e-06
765,0.007235827489696232,0.34594619119910824,0.3568825317306356,0.24722540764141163,0.004795445506701504,0.00112517671741573,0.03678864094951811,7.787655129766693e-07
766,0.20872249693509795,0.5144703114991562,0.2441288313265784,0.032040901802128555,0.0004771442678344514,7.985325118194479e-06,0.0001523288139323884,3.0154520284066145e-11
769,0.000239175974122699,0.4793562597236249,0.20860661278500922,0.24897936210105723,0.028347610418864598,0.002914920731851875,0.03155578858966242,2.6967580773434765e-07
770,6.204539545982787e-13,5.464082247548269e-06,1.302078374707795e-05,0.000585620369419253,0.3458506852769925,0.3766427084194574,0.006658741371087654,0.2702437596964288
771,2.8131372783790816e-08,0.000844142786463599,0.010723127366459095,0.029851698437889172,0.2852615307801213,0.3716680311787813,0.28868585500688887,0.012965586312022473
778,0.002367490010745983,0.3083585253619129,0.2886387189428644,0.30341221493457937,0.015670608139403637,0.004966161649553237,0.07658529819095965,9.827699808562333e-07
787,1.3895490240734687e-05,0.12517915591922604,0.1377390354057581,0.3369514619125211,0.15579890402594723,0.04098868240319792,0.20328666412844024,4.2200714667678e-05
795,3.50776490978706e-17,2.110052761197122e-08,1.3963226960054325e-06,0.00012643247615074177,0.041478916580276665,0.18306697412085698,0.016148675958583672,0.7591775834409097
809,0.00069997384411463,0.2395321094144381,0.36813244074146706,0.3240644960800418,0.009551268034993279,0.0014173071116020935,0.05660235375779533,5.1015547812279843e-08
815,3.0140078448347145e-06,0.010929455908029934,0.08594777746469393,0.1798668076551365,0.11196911339973595,0.19494826186179465,0.4157726122307019,0.0005629574720631505
818,0.0003364424042906551,0.19329569624027995,0.2821179940733469,0.3367237742823327,0.041218637590356356,0.008531248230021682,0.13777362115381803,2.5860255535323235e-06
819,5.1802481897424805e-06,0.02867232042909285,0.04482878982529866,0.1866929134608359,0.23937958840482904,0.13819654810607634,0.3603480375441225,0.0018766219815566027
825,1.8861963393416286e-07,0.007488087502757391,0.012232092174007381,0.0775247249864955,0.32550085271437434,0.2569965477237562,0.3042538716814309,0.016003634597544298
828,0.014687339866508277,0.7274346794679373,0.1988497833189167,0.05694853930818056,0.0011011232732799619,2.536303401085762e-05,0.0009531716041885765,1.2697929566616117e-10
847,0.005969643846166165,0.4129680795520322,0.378745477721063,0.18456149855270707,0.006249459999772527,0.0008875581138515608,0.010618264281484786,1.7932923233347546e-08
859,0.008385905310437461,0.39237894471936396,0.3336926759548479,0.22713835719562203,0.007662302539206527,0.0008768771704148939,0.029864729357178432,2.0775292624922247e-07
860,0.24634846568893617,0.436927128551997,0.2581517538000008,0.05829889343237582,4.8252798220988485e-05,3.6867211414293586e-06,0.0002218190033453314,3.9842651395397845e-12
870,2.5871815088995776e-12,6.152467533588097e-06,1.688581920092344e-05,0.0006317730351954855,0.19377014990138983,0.33733928653410644,0.013583670620927867,0.45465208161905973
872,0.016935335808926474,0.4848990216525047,0.29716436814055225,0.1890851865470591,0.0017114703150838224,0.0003532978284634545,0.009851309543207622,1.0164202446775658e-08
875,0.12500000000000003,0.12500000000000003,0.12500000000000003,0.12500000000000003,0.12500000000000003,0.12500000000000003,0.12500000000000003,0.12500000000000003
877,2.5768379175023085e-09,0.001106826362090365,0.008647184153604822,0.06828649702531563,0.4311562648768665,0.3106606500480498,0.17714078916188974,0.003001785795341468
878,2.202675680107546e-06,0.022191853143410222,0.06102085123357026,0.24027701677685023,0.12523608712079748,0.09571844306444473,0.4545202805322813,0.001033265452968976
879,3.7336028692549906e-05,0.16679179761228502,0.06538148973498392,0.16022028824956389,0.5661933253886574,0.02918387353207382,0.012168400676794368,2.348877694826074e-05
883,1.12780918583224e-05,0.0744475374873061,0.07872863467146682,0.31193845898151307,0.37151579733245865,0.07699036189303674,0.08620811838504905,0.00015981315730943026
887,3.1953449246451252e-09,0.0006543154281898349,0.0029830086816171517,0.03691576375745149,0.25632508138150034,0.3878141031625107,0.29675314406772313,0.018554580325663976
895,3.993808194582812e-10,0.00013934092104854055,0.00036580023340419094,0.0066909057116488445,0.3306280725947477,0.4410528878357852,0.08185373716941469,0.1392692551345698
900,1.0648193545369194e-09,0.0010519005020818062,0.0011502740701999827,0.02836218805701292,0.3694265485187588,0.42443603939876884,0.14091315723846695,0.03465989114989137
911,0.00024291824502759216,0.11441914975215811,0.22289807008369236,0.46897746545784397,0.09475347929264884,0.019121577925857957,0.07957319895414114,1.4140288630057585e-05
917,0.0328777777026366,0.5173016800582403,0.3191462488192867,0.11924909526142055,0.0009165600450038118,7.865324495622519e-05,0.010429983756106133,1.1123501042906665e-09
919,2.4761218533834214e-07,0.023841327005018204,0.025894972340996632,0.17747184374467903,0.2062035730658215,0.15007530868765326,0.4156398776980331,0.0008728498456112112
923,0.00017487312141967784,0.18796287147809762,0.16786747833627522,0.36496495581866234,0.079406536362833,0.03069947737890082,0.1689009382281848,2.2869275626377923e-05
924,0.00018496914877567008,0.1288388185848933,0.18526569082627642,0.44223636491144014,0.05675560338993671,0.02021701867921958,0.16647900738131402,2.252707814435404e-05
929,0.8504382511353983,0.1328216754379862,0.013059021268372007,0.0036778889209266767,2.8827232529370083e-07,1.494040370129563e-07,2.72556092774278e-06,2.7510909116250706e-14
943,0.516403681520268,0.3576163206260522,0.08648967528115138,0.03903295112316841,3.667029578918071e-06,9.141698044343305e-06,0.0004445627088332742,1.2904101560988065e-11
944,1.4099880749876746e-07,0.0034258716908459443,0.015711046804037433,0.1264693705317397,0.34126235876567396,0.2485257907857942,0.26058561151961157,0.004019808903489582
945,0.0036228431440694666,0.2745439181484877,0.3145873154179653,0.308017751846614,0.00661083801002332,0.01155836690392496,0.08105659708560174,2.3694433134449617e-06
947,6.254964536925428e-08,0.0026252266705751666,0.006178326238425937,0.04421868231435362,0.32525634278073995,0.3023084214196569,0.309365512845203,0.010047425181399595
951,0.9943140330469117,0.004216492170506903,0.001429259144739805,4.018140552425233e-05,5.761407477659589e-10,1.668245635242392e-11,3.3639493144743084e-08,1.5953000122714446e-17
952,0.0009428332017421707,0.3432498757681269,0.29501066502279655,0.29118840972228677,0.044840727816630406,0.004769709138508304,0.019995437832429155,2.3414974816246152e-06
954,9.575861357346049e-05,0.06355740810210797,0.18441999193727399,0.2686515594432321,0.11363330474909511,0.11433596812190357,0.2550573417176379,0.00024866731517634997
956,4.0576179709609806e-06,0.08020477416080417,0.05687713556836882,0.26121380038417774,0.2241677126161825,0.09091520342190604,0.28630954905651584,0.0003077671740738119
958,0.10155296240825146,0.5173280717209107,0.29475799301558137,0.08500710919246253,0.0007172910476453445,3.5378331850765636e-05,0.0006011941719041904,1.1139289235967523e-10
970,8.889705378501982e-11,0.00010780948549043549,0.001646530597305259,0.023350565634622778,0.28708735648293016,0.450904806813108,0.21631467011250738,0.020588260785139915
977,0.11638758610977049,0.612450327237894,0.23841141201183844,0.032040960787375505,0.0006307333578061297,6.840966870126766e-06,7.213951691777536e-05,1.1526842162688258e-11
989,5.080257218740954e-14,2.1306553394534774e-06,6.4609612337426225e-06,0.0006876752157968181,0.34671850240885793,0.3784934517436373,0.006075238645089211,0.2680165403699919
1011,2.219614155299554e-19,2.6104283545722855e-10,1.3674870695596503e-08,1.65970147513518e-06,0.004945694390583443,0.04173083274802019,0.000312339030029921,0.9530094601939753
1013,6.788810360102309e-05,0.06891532999932204,0.2366610488294399,0.3396901214015499,0.1403443354625219,0.093290665156289,0.12096645555907351,6.415548819927541e-05
1015,0.45091506969116546,0.34132272983535006,0.17623205810855885,0.03132057157958707,6.97727000660329e-05,3.1667215287579304e-06,0.00013663135899389352,4.749179979937836e-12
1018,0.2168292867489284,0.4412465837936969,0.2891618619871013,0.05233086540371769,7.120744463399149e-05,4.096358623320588e-06,0.0003560982004721146,6.282431464797874e-11
1021,0.12282739780111798,0.14655201199248882,0.12282739780111798,0.12282739780111798,0.12282739780111798,0.12282739780111798,0.11648360120080334,0.12282739780111798
1025,0.2903054875835336,0.46302830033674963,0.20518398032498805,0.03967573697193112,4.838334432110915e-05,2.9641028979546683e-06,0.0017551473284811395,7.0974156835067135e-12
1030,0.010592006285420974,0.17870580904603517,0.5060894275132488,0.2646866402305287,0.0002972401235643695,0.00014105300225011273,0.03948780129304969,2.2505903082422677e-08
1031,2.526842407093382e-06,0.02482497601843866,0.05790607850268673,0.22461828559795663,0.23089531734912616,0.12417890681486107,0.33612224318711525,0.0014516656874091205
1036,4.01198260837955e-07,0.011425705155803493,0.02168025398238283,0.12945227864053657,0.35557472079508234,0.21147690321635398,0.26885392507815054,0.001535811933428726
1038,5.419935942365826e-07,0.010803351362185975,0.02163657768716425,0.14998933881470883,0.33626649694478794,0.20093954996995345,0.27815192962318397,0.002212213604421459
1041,0.9999897267173864,9.102670603519867e-06,1.1697157505860983e-06,8.962343567293739e-10,9.371345480663434e-16,1.2831747341212255e-18,2.4372204607431807e-14,1.5496399860976215e-28
1048,0.8451704746864994,0.14048203693834665,0.011487157549530815,0.002858826755265991,5.331411165937774e-07,1.18631630053098e-07,8.522975941992199e-07,1.8005212461464745e-14
1051,2.408086795410036e-16,9.842886163244533e-08,3.8004777486042193e-07,9.095590294413422e-05,0.02919715739798279,0.2014722039743686,0.005229935964073033,0.7640092682839957
1060,0.0023852427028192287,0.26875727023552476,0.3577554445027015,0.325989870138468,0.013569024582470137,0.008926252344240444,0.022616274347062953,6.211467126289057e-07
1067,1.4702405703095607e-05,0.12966938138502762,0.10787534087420973,0.31114031265445696,0.20615221093809455,0.052489131740933295,0.19257477147795954,8.414852361566018e-05
1075,1.1677071868286394e-14,2.722388137611002e-07,5.360767986455073e-06,0.0002070632256735347,0.0684280498550076,0.2456445163734647,0.010744639995013577,0.6749700975440286
1078,0.0009600475629317704,0.19746091461407247,0.2641081768335444,0.4364614431226347,0.027969237216012244,0.0062378274211590075,0.06679987863794164,2.47459170448309e-06
1080,0.12526662584929388,0.14636969302179012,0.12526662584929388,0.12526662584929388,0.12526662584929388,0.12526662584929388,0.1020305518824465,0.12526662584929388
1082,4.1659403203221165e-13,4.952731204453859e-06,0.000199368285251328,0.006171618855199074,0.07325741056400777,0.39279769472265713,0.417563504580133,0.11000545026113037
1084,0.3753935198180302,0.33163920385366624,0.23890137342808135,0.053028669914115575,3.843760976302479e-05,5.601774563414579e-06,0.0009931935853760348,1.6404117907950613e-11
1086,6.3897879412572155e-06,0.03380445968953355,0.12793782977900856,0.33686902515762146,0.10341760045378696,0.040779446205896325,0.3571504288488654,3.4820077346694664e-05
1096,3.528982934471415e-05,0.09541650403660673,0.11810899167408821,0.37323845798669636,0.27814609383282113,0.05194483732137094,0.08303438017935318,7.544513972165038e-05
1109,0.11521494680585122,0.17793497154552723,0.11521494680585122,0.1307753476193653,0.11521494680585122,0.11521494680585122,0.11521494680585122,0.11521494680585122
1111,0.0775546942416656,0.5031543317181811,0.25161870089263894,0.16072722832595282,0.00027616982342135144,0.00042041436901075005,0.006248454566310134,6.062819051020414e-09
1117,0.00012356324336032515,0.30767626927312297,0.1924977197814667,0.3065427024435746,0.10066011326108235,0.01413583649926626,0.07835694438793803,6.851110188394456e-06
1131,2.4089004051830096e-07,0.008292260884415564,0.01033433957330354,0.06180711833829546,0.3347938995866738,0.27205373033210845,0.3067128143938914,0.006005596001270417
1133,3.5731351352097423e-09,0.0006578172498529104,0.005472501534707588,0.05947487409061914,0.1785052991443135,0.2919531580125339,0.45666511052509184,0.0072712358697447615
1135,0.010250060339647291,0.3651698686800477,0.36762497942624317,0.22758079318150465,0.00438035384839482,0.00081299137137112,0.024180545859286348,4.0729350647473015e-07
1137,0.12248097091218672,0.1426332036146928,0.12248097091218672,0.12248097091218672,0.12248097091218672,0.12248097091218672,0.12248097091218672,0.12248097091218672
1143,2.7606115607065897e-14,1.7051435032478113e-06,1.3821600946716867e-05,0.0013348922423619988,0.05654982304546554,0.46210907935839357,0.09108250516581337,0.3889081734434879
1150,0.0009485910175566584,0.0971971836643885,0.4763989784701446,0.34074888011593846,0.0022345155969355937,0.0008623769551886955,0.08160944693319831,2.7246649714180015e-08
1151,0.17000398281126897,0.4232232216867753,0.3106747367003293,0.0933308734634433,0.00019249382704534685,2.844718495234254e-05,0.0025462441389299344,1.8725554960363967e-10
1154,0.0017502398471164688,0.21943815590872054,0.3384934353682569,0.309610895308097,0.004674458847810689,0.0015874378648986576,0.12444491308695906,4.637681420976168e-07
1159,1.923101434533556e-08,0.0016512764891770473,0.004168384800801557,0.03694978759111463,0.344820702823431,0.320502114958513,0.25630347693965283,0.03560423716629497
1160,0.08748671273110639,0.6986554364394058,0.16392669536011145,0.0495368430341333,0.0002733619123528953,1.0396363074972453e-05,0.00011055413932603874,2.04858080399418e-11
1161,1.1873903333909378e-15,6.902129397522045e-08,1.612822916459158e-07,1.0327889026775867e-05,0.020253340636693585,0.07456613682307017,0.0037314214409021064,0.9014385429067219
1170,2.6153486612940032e-17,1.3072996821961064e-08,1.5201204993784609e-06,0.0001563608276896123,0.016488644613257775,0.1791993357276942,0.051390559448275086,0.7527635661895888
1171,0.9808541735687027,0.013875819156908416,0.005073616330177163,0.00019461338474259334,2.1384342420482554e-09,1.078801263620113e-10,1.7753131559420905e-06,7.643849562936468e-17
1173,0.024331842408050655,0.5713510242928077,0.28061241325174063,0.1218048359272468,0.0012466319035779054,7.065707409222949e-05,0.0005825948346513359,3.078316997227493e-10
1174,0.0003043272451685655,0.05591484770825948,0.24923492402627057,0.3273422630513914,0.0024409002043078937,0.0027913368619535773,0.3619669642567263,4.436645927870577e-06
1191,1.3588994678106376e-10,2.1201632567550687e-05,0.0009358118748959809,0.004504649206138528,0.09356982895758384,0.35087819797033154,0.4624718252612526,0.08761848496134066
1195,0.01684625750143582,0.4282875104040259,0.3591745810445962,0.17539070955336383,0.0009637370600408551,0.00014536696772205222,0.01919182728139873,1.0187418254785545e-08
1196,0.0008891096513096799,0.4901356297358069,0.3104092988031043,0.17752747820080475,0.004203386766711513,0.0004072800401791468,0.016427808909925047,7.892158421954655e-09
1198,3.0289841284385682e-05,0.11232288315702078,0.18006471342288421,0.42347457227400326,0.18631004735563952,0.031528579566030265,0.0662578496911236,1.1064692014553233e-05
1201,0.0005866050542382911,0.22743373422586138,0.22369587636579114,0.3326737375163418,0.040058596979215086,0.01623039654339484,0.15931275657147112,8.296743686273679e-06
1202,0.1439704370285177,0.5277338347068288,0.20855861305274945,0.11718639526289086,0.00014451927001075132,0.00016259245856048505,0.002243607030246891,1.1901942879161876e-09
1206,0.12547529576048813,0.1480804600301208,0.12547529576048813,0.12547529576048813,0.12547529576048813,0.12547529576048813,0.09906776540695095,0.12547529576048813
1225,0.0003190275823041439,0.12516239487002542,0.29321508619531217,0.36021291715424547,0.06815818008816774,0.05040443507196927,0.10250524132972155,2.2717708255790817e-05
1233,8.086086428647178e-22,1.2214055781369742e-13,1.012464002936189e-10,2.0208866893918245e-09,0.00015740159966170155,0.0006168825279127732,0.00010316837894729084,0.9991225453712258
1237,0.012269901214469518,0.47898727126397755,0.3649832114031431,0.13477252241732243,0.006040764891390863,0.0004071313967050566,0.002539193364942417,4.04804987081668e-09
1240,0.9146267412930946,0.07321631042824046,0.011598439924145746,0.0005574395947503045,2.4395952567003397e-07,7.538422869605017e-09,8.172618212086601e-07,3.6194921092648887e-16
1242,0.3347292872999825,0.42037073571633443,0.20864900926664134,0.03608555805984335,7.490667505168433e-05,2.6349726248215296e-06,8.786800799458615e-05,1.5307876692161181e-12
1245,0.2278433433177523,0.45390580188014695,0.2662604629630395,0.05050274966901271,3.1581002777462e-05,2.404402697744238e-06,0.0014536567443455195,2.022489460520246e-11
1248,3.424852552802353e-09,0.0006320104693771804,0.002655370361965821,0.0320716043863478,0.209300608066737,0.32352319313068645,0.4197596747535961,0.0120575354064364
1250,8.600849137738948e-16,6.579100210701922e-08,1.2286156780129546e-06,7.984357338210998e-05,0.033498825430960034,0.2046662766497227,0.020528037287632677,0.7412257226516186
1252,0.27352330634765104,0.423386483939045,0.2432705256334577,0.05881461774189129,8.599032978319037e-05,9.570463710971312e-06,0.0009095055126862838,3.1777954029516435e-11
1253,0.0003327405459601632,0.18670552314245756,0.19430019752391636,0.3293603266219767,0.040962982502558906,0.015254737357695442,0.23305450571349254,2.8986591936697192e-05
1259,7.070112178044816e-23,1.6774849699657894e-12,4.516203591654657e-12,3.105717375679393e-09,0.003970387464205026,0.0071172816994983165,2.366585792757632e-07,0.9889120910658117
